in/Manuel_example/GIS_files/A01_001_U_F.asc
ncols    605
nrows    205
xllcorner    488220
yllcorner    4065460
cellsize    15
NODATA_value    -9999
[rows 116 to 144 of 205, columns 536 to 602 of 605]
174.204 173.878 173.515 173.212 172.920 172.617 172.283 172.021 171.759 171.482 171.203 170.906 170.598 170.307 170.024 169.711 169.279 168.847 168.421 167.964 167.502 167.109 166.890 166.703 166.477 166.289 166.237 166.185 166.043 165.961 165.982 166.008 166.017 166.012 165.983 165.818 165.573 165.342 165.110 164.808 164.497 164.202 163.942 163.700 163.458 163.242 163.061 162.829 162.596 162.437 162.243 162.049 161.844 161.632 161.417 161.195 160.974 160.724 160.474 160.280 160.029 159.777 159.564 159.374 159.207 159.160 159.194
173.334 173.082 172.817 172.525 172.233 171.949 171.687 171.425 171.163 170.887 170.607 170.328 170.046 169.763 169.480 169.172 168.740 168.308 167.876 167.419 166.958 166.496 166.163 165.937 165.711 165.521 165.468 165.416 165.364 165.376 165.403 165.429 165.438 165.433 165.428 165.378 165.147 164.916 164.685 164.382 164.072 163.762 163.486 163.243 163.001 162.761 162.529 162.296 162.064 161.866 161.672 161.477 161.270 161.058 160.846 160.626 160.376 160.126 159.876 159.625 159.373 159.122 158.908 158.718 158.528 158.386 158.365
172.715 172.521 172.313 172.037 171.745 171.465 171.234 170.972 170.710 170.433 170.154 169.878 169.590 169.297 169.014 168.720 168.369 167.936 167.504 167.076 166.620 166.158 165.825 165.600 165.360 165.131 165.079 165.026 164.868 164.888 164.917 164.944 164.952 164.947 164.966 164.988 164.812 164.580 164.349 164.047 163.736 163.372 163.065 162.823 162.573 162.325 162.121 161.888 161.656 161.458 161.264 161.046 160.827 160.615 160.411 160.207 159.958 159.708 159.458 159.207 158.955 158.700 158.484 158.294 158.109 157.970 157.930
172.154 172.004 171.796 171.533 171.257 170.977 170.750 170.519 170.257 169.980 169.704 169.430 169.141 168.841 168.549 168.255 167.916 167.565 167.133 166.704 166.276 165.821 165.488 165.248 164.970 164.742 164.689 164.530 164.365 164.385 164.428 164.458 164.466 164.486 164.564 164.585 164.421 164.245 164.014 163.711 163.347 162.951 162.644 162.395 162.129 161.881 161.684 161.480 161.248 161.050 160.833 160.603 160.384 160.180 159.992 159.788 159.539 159.289 159.040 158.788 158.533 158.276 158.060 157.875 157.699 157.560 157.514
171.637 171.487 171.279 171.016 170.753 170.489 170.262 170.035 169.804 169.530 169.256 168.981 168.693 168.393 168.092 167.789 167.451 167.112 166.761 166.333 165.905 165.477 165.136 164.858 164.581 164.352 164.192 164.028 163.863 163.883 163.926 163.969 164.005 164.083 164.161 164.182 164.018 163.854 163.678 163.321 162.926 162.530 162.216 161.951 161.686 161.437 161.240 161.043 160.840 160.619 160.390 160.160 159.949 159.761 159.573 159.368 159.119 158.870 158.621 158.366 158.109 157.852 157.641 157.465 157.289 157.150 157.105
171.264 171.106 170.882 170.619 170.356 170.093 169.867 169.640 169.367 169.052 168.778 168.503 168.215 167.915 167.614 167.344 167.086 166.748 166.410 165.993 165.565 165.170 164.841 164.551 164.273 164.005 163.804 163.639 163.474 163.494 163.537 163.582 163.662 163.744 163.822 163.843 163.679 163.515 163.341 162.931 162.535 162.140 161.820 161.555 161.289 160.984 160.787 160.590 160.434 160.252 160.022 159.793 159.588 159.400 159.212 159.017 158.771 158.522 158.273 158.017 157.760 157.505 157.300 157.124 156.948 156.809 156.763
170.934 170.752 170.528 170.265 169.994 169.731 169.505 169.232 168.928 168.607 168.289 168.015 167.726 167.426 167.136 166.866 166.677 166.420 166.082 165.665 165.270 164.956 164.627 164.285 163.995 163.727 163.493 163.292 163.127 163.147 163.191 163.239 163.319 163.424 163.507 163.528 163.364 163.190 163.010 162.591 162.156 161.761 161.441 161.175 160.833 160.526 160.329 160.174 160.038 159.867 159.682 159.452 159.247 159.059 158.883 158.688 158.445 158.199 157.950 157.694 157.439 157.189 156.984 156.808 156.631 156.492 156.446
170.580 170.398 170.174 169.903 169.632 169.369 169.096 168.793 168.489 168.168 167.844 167.526 167.238 166.947 166.658 166.388 166.199 166.010 165.753 165.370 165.056 164.741 164.412 164.071 163.730 163.449 163.215 162.981 162.779 162.801 162.848 162.896 162.976 163.081 163.186 163.213 163.038 162.859 162.679 162.260 161.817 161.381 161.061 160.718 160.376 160.069 159.914 159.778 159.643 159.472 159.297 159.112 158.907 158.731 158.554 158.359 158.116 157.873 157.627 157.373 157.123 156.872 156.667 156.491 156.315 156.175 156.118
170.227 170.044 169.816 169.545 169.274 168.994 168.680 168.377 168.073 167.752 167.428 167.104 166.767 166.477 166.188 165.918 165.729 165.540 165.371 165.082 164.767 164.453 164.179 163.838 163.496 163.178 162.944 162.710 162.460 162.454 162.502 162.550 162.630 162.735 162.840 162.886 162.708 162.528 162.348 161.913 161.469 161.026 160.641 160.298 159.955 159.642 159.507 159.372 159.257 159.090 158.915 158.741 158.606 158.429 158.253 158.058 157.815 157.572 157.333 157.058 156.808 156.558 156.338 156.162 155.985 155.846 155.787
169.874 169.691 169.463 169.192 168.929 168.655 168.307 167.993 167.689 167.368 167.045 166.688 166.344 166.018 165.728 165.459 165.270 165.101 164.981 164.691 164.377 164.181 163.911 163.577 163.236 162.918 162.684 162.433 162.147 162.124 162.152 162.199 162.279 162.385 162.497 162.545 162.376 162.198 162.019 161.563 161.099 160.655 160.270 159.927 159.550 159.220 159.085 158.971 158.894 158.727 158.553 158.460 158.328 158.167 157.990 157.796 157.553 157.313 157.081 156.775 156.496 156.245 156.019 155.814 155.638 155.499 155.455
169.591 169.338 169.110 168.847 168.590 168.315 167.968 167.620 167.306 166.985 166.628 166.270 165.926 165.595 165.269 164.999 164.831 164.710 164.590 164.300 164.104 163.912 163.643 163.310 162.975 162.657 162.407 162.121 161.834 161.812 161.821 161.849 161.929 162.041 162.156 162.205 162.036 161.867 161.689 161.233 160.749 160.285 159.900 159.522 159.128 158.799 158.684 158.607 158.531 158.365 158.272 158.179 158.047 157.889 157.728 157.533 157.294 157.062 156.829 156.523 156.213 155.933 155.706 155.495 155.291 155.152 155.108
169.346 169.043 168.764 168.506 168.248 167.975 167.627 167.280 166.932 166.575 166.217 165.858 165.515 165.185 164.854 164.558 164.438 164.317 164.196 164.019 163.826 163.634 163.367 163.034 162.701 162.377 162.091 161.805 161.519 161.493 161.503 161.513 161.582 161.697 161.813 161.855 161.685 161.516 161.346 160.893 160.409 159.925 159.500 159.106 158.712 158.397 158.321 158.244 158.167 158.075 157.982 157.888 157.765 157.607 157.449 157.271 157.039 156.806 156.575 156.275 155.964 155.653 155.404 155.192 154.981 154.814 154.770
168.989 168.686 168.407 168.149 167.899 167.644 167.279 166.931 166.584 166.227 165.869 165.514 165.173 164.842 164.510 164.205 164.021 163.901 163.780 163.644 163.464 163.272 163.015 162.694 162.360 162.037 161.751 161.465 161.191 161.131 161.131 161.141 161.210 161.326 161.417 161.410 161.240 161.071 160.909 160.455 159.971 159.540 159.137 158.741 158.346 158.032 157.955 157.879 157.796 157.704 157.611 157.565 157.471 157.322 157.164 156.986 156.754 156.522 156.314 156.048 155.744 155.434 155.184 154.973 154.747 154.556 154.512
168.645 168.329 168.050 167.800 167.570 167.315 166.949 166.583 166.236 165.879 165.524 165.171 164.830 164.498 164.164 163.858 163.668 163.485 163.364 163.228 163.089 162.909 162.652 162.341 162.020 161.697 161.411 161.137 160.862 160.802 160.769 160.769 160.838 160.929 160.972 160.965 160.796 160.634 160.472 160.018 159.587 159.179 158.777 158.378 157.981 157.667 157.590 157.508 157.425 157.333 157.287 157.262 157.168 157.028 156.879 156.701 156.470 156.262 156.054 155.788 155.518 155.214 154.964 154.738 154.488 154.297 154.246
168.337 167.985 167.701 167.471 167.241 166.986 166.619 166.253 165.888 165.534 165.181 164.828 164.486 164.152 163.817 163.512 163.322 163.132 162.948 162.812 162.673 162.534 162.290 161.979 161.668 161.357 161.083 160.808 160.534 160.474 160.440 160.407 160.442 160.484 160.527 160.520 160.358 160.197 160.035 159.634 159.226 158.819 158.416 158.017 157.619 157.301 157.219 157.137 157.055 157.010 156.984 156.959 156.865 156.725 156.585 156.418 156.209 156.001 155.793 155.527 155.257 154.987 154.729 154.480 154.230 154.032 153.879
167.909 167.584 167.331 167.097 166.867 166.612 166.246 165.879 165.543 165.168 164.815 164.462 164.118 163.782 163.448 163.143 162.953 162.763 162.536 162.326 162.187 162.049 161.816 161.505 161.194 160.932 160.681 160.407 160.132 160.072 160.039 159.995 159.949 159.974 160.017 160.008 159.838 159.676 159.514 159.129 158.722 158.358 158.051 157.669 157.270 156.950 156.868 156.786 156.708 156.656 156.631 156.605 156.511 156.371 156.231 156.092 155.919 155.711 155.503 155.282 155.011 154.741 154.484 154.235 153.988 153.789 153.632
167.474 167.212 166.959 166.715 166.481 166.226 165.860 165.524 165.204 164.827 164.443 164.090 163.745 163.408 163.072 162.767 162.577 162.350 162.105 161.889 161.683 161.544 161.312 161.001 160.731 160.469 160.236 159.985 159.710 159.651 159.607 159.544 159.498 159.464 159.489 159.481 159.303 159.132 158.970 158.586 158.222 157.933 157.626 157.306 156.924 156.605 156.522 156.445 156.369 156.314 156.263 156.238 156.144 156.004 155.865 155.726 155.585 155.412 155.204 154.991 154.770 154.500 154.243 153.996 153.782 153.584 153.423
167.103 166.840 166.587 166.343 166.099 165.840 165.504 165.185 164.866 164.489 164.102 163.718 163.373 163.035 162.698 162.392 162.165 161.920 161.675 161.458 161.246 161.040 160.808 160.537 160.267 160.005 159.772 159.539 159.289 159.219 159.156 159.094 159.047 159.013 158.979 158.953 158.775 158.597 158.426 158.086 157.797 157.508 157.201 156.881 156.562 156.259 156.182 156.106 156.030 155.975 155.921 155.870 155.777 155.638 155.500 155.360 155.219 155.078 154.905 154.692 154.480 154.259 154.004 153.790 153.577 153.378 153.217
166.720 166.458 166.205 165.961 165.717 165.463 165.148 164.829 164.510 164.136 163.750 163.363 163.006 162.668 162.331 161.998 161.734 161.489 161.244 161.028 160.815 160.602 160.337 160.067 159.797 159.541 159.315 159.082 158.849 158.764 158.702 158.639 158.593 158.559 158.525 158.436 158.258 158.080 157.903 157.624 157.335 157.049 156.769 156.450 156.130 155.918 155.846 155.770 155.694 155.639 155.585 155.531 155.425 155.287 155.148 155.006 154.865 154.724 154.591 154.383 154.171 153.965 153.806 153.592 153.379 153.180 153.019
166.326 166.064 165.811 165.567 165.323 165.069 164.767 164.453 164.133 163.763 163.382 162.995 162.638 162.307 161.969 161.636 161.322 161.058 160.813 160.597 160.384 160.115 159.851 159.590 159.319 159.063 158.856 158.630 158.397 158.310 158.244 158.181 158.135 158.101 158.035 157.932 157.754 157.576 157.398 157.119 156.834 156.610 156.331 156.011 155.757 155.571 155.510 155.438 155.362 155.307 155.252 155.196 155.091 154.952 154.810 154.666 154.525 154.392 154.271 154.064 153.858 153.725 153.573 153.403 153.189 152.991 152.830
165.917 165.670 165.417 165.173 164.929 164.675 164.373 164.071 163.757 163.387 163.008 162.627 162.270 161.939 161.608 161.275 160.961 160.647 160.383 160.165 159.896 159.627 159.363 159.103 158.842 158.585 158.379 158.172 157.945 157.859 157.790 157.723 157.677 157.611 157.531 157.428 157.250 157.072 156.894 156.619 156.395 156.171 155.892 155.639 155.410 155.223 155.163 155.102 155.030 154.974 154.918 154.862 154.756 154.613 154.469 154.326 154.193 154.072 153.951 153.751 153.618 153.484 153.333 153.170 153.000 152.801 152.629
165.505 165.266 165.007 164.763 164.519 164.265 163.963 163.662 163.360 163.001 162.622 162.243 161.890 161.559 161.229 160.904 160.590 160.276 159.963 159.687 159.418 159.149 158.886 158.626 158.366 158.117 157.910 157.704 157.497 157.413 157.344 157.275 157.195 157.115 157.036 156.933 156.755 156.577 156.400 156.189 155.966 155.742 155.515 155.287 155.058 154.877 154.816 154.756 154.695 154.642 154.585 154.529 154.422 154.278 154.134 153.994 153.873 153.752 153.631 153.498 153.365 153.232 153.084 152.921 152.757 152.594 152.407
165.118 164.850 164.550 164.259 164.015 163.762 163.465 163.164 162.862 162.542 162.180 161.801 161.448 161.117 160.793 160.481 160.166 159.853 159.577 159.274 158.994 158.725 158.466 158.212 157.952 157.703 157.496 157.290 157.084 157.000 156.932 156.836 156.748 156.671 156.591 156.488 156.310 156.134 155.982 155.802 155.589 155.365 155.139 154.910 154.696 154.536 154.476 154.415 154.354 154.316 154.265 154.208 154.108 153.971 153.827 153.685 153.552 153.431 153.310 153.178 153.045 152.926 152.782 152.619 152.462 152.311 152.149
164.702 164.419 164.119 163.802 163.511 163.258 162.962 162.666 162.364 162.044 161.721 161.359 161.005 160.681 160.369 160.057 159.744 159.468 159.192 158.889 158.581 158.301 158.042 157.792 157.538 157.289 157.082 156.877 156.672 156.588 156.493 156.387 156.298 156.223 156.147 156.044 155.867 155.715 155.563 155.384 155.202 154.988 154.762 154.548 154.355 154.196 154.135 154.074 154.013 153.975 153.939 153.888 153.787 153.657 153.520 153.378 153.244 153.110 152.990 152.857 152.739 152.625 152.481 152.324 152.175 152.024 151.865
164.271 163.988 163.688 163.372 163.055 162.754 162.458 162.162 161.866 161.546 161.223 160.899 160.570 160.258 159.946 159.635 159.359 159.083 158.807 158.503 158.196 157.888 157.619 157.368 157.118 156.875 156.670 156.465 156.260 156.149 156.043 155.937 155.849 155.774 155.699 155.601 155.449 155.297 155.145 154.965 154.783 154.601 154.400 154.207 154.015 153.855 153.794 153.733 153.671 153.634 153.598 153.562 153.466 153.336 153.205 153.071 152.937 152.802 152.669 152.551 152.437 152.323 152.185 152.037 151.888 151.736 151.578
163.864 163.549 163.205 162.888 162.570 162.177 161.856 161.560 161.264 160.945 160.622 160.307 160.027 159.730 159.418 159.114 158.838 158.562 158.372 158.125 157.817 157.510 157.234 156.983 156.733 156.491 156.284 156.079 155.873 155.757 155.651 155.550 155.467 155.392 155.314 155.183 155.031 154.879 154.727 154.547 154.365 154.202 154.043 153.855 153.662 153.502 153.441 153.380 153.270 153.246 153.211 153.175 153.083 152.952 152.826 152.728 152.594 152.459 152.317 152.182 152.068 151.954 151.819 151.671 151.522 151.370 151.212
163.429 163.056 162.711 162.393 161.986 161.593 161.259 160.939 160.643 160.324 160.009 159.710 159.430 159.167 158.870 158.565 158.289 158.100 157.946 157.700 157.440 157.133 156.857 156.606 156.356 156.114 155.905 155.698 155.493 155.376 155.275 155.182 155.099 155.021 154.896 154.765 154.613 154.461 154.309 154.130 153.967 153.831 153.672 153.495 153.307 153.147 153.086 152.976 152.850 152.829 152.814 152.779 152.686 152.561 152.476 152.378 152.244 152.101 151.956 151.820 151.686 151.572 151.437 151.289 151.140 150.989 150.830
162.935 162.562 162.215 161.809 161.402 161.009 160.675 160.342 160.022 159.711 159.412 159.113 158.833 158.570 158.307 158.017 157.828 157.674 157.520 157.274 157.016 156.756 156.480 156.229 155.979 155.738 155.529 155.319 155.112 155.000 154.907 154.814 154.728 154.603 154.479 154.348 154.196 154.043 153.891 153.732 153.596 153.460 153.300 153.124 152.948 152.793 152.682 152.556 152.431 152.409 152.397 152.382 152.295 152.211 152.126 152.028 151.885 151.741 151.596 151.459 151.323 151.189 151.054 150.906 150.758 150.607 150.414
162.490 162.117 161.726 161.320 160.913 160.503 160.170 159.836 159.488 159.197 158.898 158.599 158.319 158.055 157.792 157.553 157.392 157.238 157.083 156.838 156.580 156.328 156.157 155.907 155.657 155.418 155.213 155.004 154.795 154.689 154.596 154.500 154.372 154.248 154.123 153.997 153.840 153.688 153.536 153.399 153.263 153.130 152.984 152.808 152.632 152.467 152.332 152.206 152.080 152.035 152.022 152.009 151.954 151.869 151.785 151.719 151.583 151.438 151.293 151.157 151.021 150.881 150.729 150.581 150.432 150.199 149.941
