in/Manuel_example/GIS_files/A01_001_U_F.asc
ncols    605
nrows    205
xllcorner    488220
yllcorner    4065460
cellsize    15
NODATA_value    -9999
[rows 87 to 115 of 205, columns 536 to 602 of 605]
224.630 223.673 222.627 221.367 220.106 219.119 219.284 219.448 219.612 219.450 219.269 219.088 218.650 217.985 217.319 216.618 215.737 214.856 213.975 213.460 213.041 212.621 211.739 210.471 209.203 208.023 206.752 205.481 204.210 204.708 205.433 206.157 206.606 206.841 207.076 207.040 206.173 205.306 204.439 203.245 202.124 201.002 200.435 200.272 200.109 200.249 201.167 202.085 203.003 203.539 204.043 204.548 204.922 205.135 205.349 205.056 203.358 201.660 199.982 199.996 200.154 200.312 200.336 200.275 200.214 200.666 202.572
222.906 222.008 220.921 219.627 218.367 217.235 216.872 217.037 217.201 217.069 216.888 216.927 216.952 216.450 215.784 215.049 214.074 213.193 212.313 211.835 211.415 210.864 209.977 208.794 207.526 206.258 204.987 203.716 202.799 203.352 204.076 204.413 204.883 205.352 205.587 205.564 204.697 203.830 202.954 201.879 200.757 199.636 199.164 199.055 198.892 198.863 199.421 200.339 201.257 201.793 202.298 202.902 203.314 203.528 203.551 202.463 200.765 199.067 198.329 197.364 197.522 197.680 197.704 197.643 197.841 199.143 200.709
221.201 220.384 219.297 217.952 216.658 215.527 214.964 214.598 214.763 214.631 214.672 214.992 215.017 214.779 214.278 213.542 212.530 211.555 210.674 210.196 209.644 208.934 208.048 207.013 205.831 204.562 203.292 202.376 201.546 202.100 202.434 202.338 202.807 203.717 204.188 204.165 203.298 202.422 201.543 200.468 199.373 198.252 197.779 197.780 197.671 197.642 198.014 198.571 199.489 200.025 200.631 201.334 201.746 201.765 200.900 199.813 198.115 197.380 196.812 195.812 194.816 194.974 194.998 195.201 196.477 197.779 199.143
219.577 218.760 217.672 216.328 214.983 213.818 213.255 212.692 212.324 212.416 212.736 213.057 213.082 212.844 212.606 212.036 211.023 210.010 209.035 208.424 207.714 207.005 206.118 205.084 204.049 202.867 201.952 201.123 200.294 200.455 200.358 200.262 200.731 201.641 202.551 202.766 201.890 201.011 200.132 199.058 197.962 196.867 196.395 196.395 196.396 196.422 196.794 197.166 197.721 198.359 199.062 199.765 199.979 199.114 198.250 197.162 196.432 195.864 195.296 194.296 193.268 192.268 192.560 193.837 195.113 196.415 197.779
217.737 216.920 215.921 214.590 213.246 212.045 211.482 210.919 210.183 209.954 210.274 210.595 210.820 210.606 210.368 209.974 208.961 207.948 207.320 206.305 205.595 204.886 203.999 202.965 201.930 201.394 200.802 199.973 199.144 198.967 198.871 198.702 198.454 199.337 200.247 200.737 199.859 198.980 198.483 197.623 196.528 195.433 194.972 194.972 194.972 194.694 195.066 195.438 195.960 196.775 197.479 198.182 198.084 197.219 196.355 195.334 194.481 193.913 193.346 192.346 191.318 190.317 190.751 192.028 193.305 194.484 196.063
215.748 214.931 213.932 212.759 211.429 210.228 209.666 208.928 207.978 207.584 207.446 207.767 207.992 208.132 207.919 207.525 206.512 205.887 205.701 204.508 203.345 202.635 201.749 200.714 200.112 199.677 199.484 198.894 198.065 197.888 197.718 197.155 196.907 196.904 197.784 198.274 197.396 196.902 196.790 196.006 195.078 193.983 193.521 193.522 192.990 192.612 192.984 193.507 194.171 195.051 195.885 196.589 196.492 195.850 194.985 193.965 192.517 191.661 191.094 190.093 189.093 188.199 188.633 189.910 190.709 191.820 193.885
213.863 212.942 211.943 210.770 209.597 208.412 207.673 206.723 205.773 205.379 205.079 204.939 205.164 205.304 205.444 205.076 204.454 204.268 204.082 202.889 201.550 200.385 199.498 198.898 198.396 197.961 197.767 197.573 196.986 196.734 196.171 195.607 195.359 195.356 195.354 195.812 195.320 195.208 195.097 194.313 193.460 192.532 192.071 191.537 190.908 190.531 191.055 191.719 192.383 193.263 194.161 194.995 194.898 194.256 193.615 192.595 191.148 189.700 188.841 187.869 186.975 186.081 186.515 187.312 188.045 189.156 191.222
212.121 211.167 210.089 208.916 207.743 206.647 205.670 204.721 203.771 203.232 202.931 202.631 202.563 202.703 202.844 202.904 202.747 202.561 202.375 201.323 199.984 198.646 197.763 197.261 196.759 196.189 195.995 195.801 195.674 195.227 194.663 194.100 193.852 193.849 193.846 193.549 193.439 193.328 193.216 192.432 191.579 190.726 190.287 189.659 189.030 188.725 189.389 190.054 190.620 191.483 192.381 193.279 193.427 192.785 192.144 191.286 189.839 188.392 186.949 186.055 185.160 184.266 184.182 184.915 185.648 186.548 188.613
210.672 209.682 208.594 207.421 206.404 205.491 204.237 203.259 202.309 201.461 200.938 200.637 200.570 200.710 200.686 200.566 200.776 200.620 200.434 199.692 198.561 197.222 196.340 195.838 195.091 194.269 194.076 193.950 194.163 193.784 193.263 192.700 192.452 192.449 191.925 191.127 191.057 190.947 190.835 190.051 189.198 189.029 188.783 188.322 187.693 187.389 188.053 188.618 188.787 189.701 190.626 191.524 191.867 191.640 190.998 190.141 188.694 187.251 185.825 185.009 184.154 183.260 182.947 183.230 183.963 184.855 186.152
209.187 208.188 207.099 206.083 205.248 204.336 203.081 201.826 200.847 200.000 199.169 198.644 198.576 198.551 198.348 198.228 198.438 198.649 198.494 197.751 196.928 195.799 194.917 194.169 193.172 192.350 192.226 192.439 192.652 192.272 191.820 191.299 191.051 190.525 189.503 188.705 188.635 188.564 188.455 187.671 187.504 187.451 187.204 186.817 186.357 186.052 186.616 186.785 186.955 187.868 188.843 189.769 190.112 190.078 189.853 188.995 187.553 186.127 184.701 183.885 183.108 182.254 181.941 181.998 182.278 183.170 184.462
207.692 206.693 205.763 204.928 204.092 203.180 201.925 200.671 199.416 198.538 197.707 196.876 196.416 196.213 196.010 195.890 196.100 196.311 196.521 195.811 194.988 194.165 193.246 192.249 191.253 190.501 190.715 190.928 191.141 190.761 190.309 189.856 189.124 188.102 187.081 186.283 186.212 186.142 186.072 185.979 185.926 185.873 185.626 185.238 184.851 184.614 184.783 184.952 185.122 186.035 187.010 187.985 188.357 188.323 188.289 187.855 186.429 185.003 183.577 182.761 181.985 181.208 180.935 180.992 181.048 181.485 182.777
205.163 204.163 203.263 202.441 201.606 200.693 199.438 198.184 197.350 196.533 195.702 194.873 194.105 193.681 193.478 193.358 193.569 193.779 193.544 192.784 191.961 191.601 191.042 190.000 189.004 188.270 188.484 188.697 188.145 188.467 188.076 187.623 186.851 185.829 184.818 184.058 183.988 183.918 183.619 183.414 183.353 183.300 183.406 183.250 182.862 182.623 182.818 182.987 183.157 184.070 185.045 185.554 185.588 185.554 185.588 185.586 184.643 183.217 181.791 181.417 180.649 179.872 179.605 179.661 179.734 179.834 180.287
202.543 201.586 200.685 199.879 199.057 198.144 196.890 196.058 195.320 194.502 193.673 192.847 192.079 191.363 190.938 190.818 191.028 190.791 190.466 189.706 189.350 189.446 188.886 187.781 186.739 186.006 186.219 185.665 184.977 185.298 185.745 185.357 184.584 183.573 182.603 181.843 181.773 181.473 181.139 180.933 180.742 180.681 180.787 181.009 180.855 180.616 180.821 181.016 181.185 182.099 182.605 182.739 182.773 182.807 183.071 183.070 182.341 181.400 179.974 179.600 179.293 178.527 178.260 178.332 178.453 178.554 178.603
199.621 198.965 198.108 197.301 196.495 195.596 194.766 194.028 193.289 192.474 191.647 190.821 190.053 189.337 188.621 188.277 188.039 187.714 187.389 187.098 187.194 187.290 186.731 185.626 184.521 183.742 183.184 182.496 181.808 182.130 182.576 183.023 182.328 181.358 180.388 179.628 179.328 178.993 178.658 178.453 178.261 178.070 178.168 178.390 178.612 178.609 178.814 179.019 179.214 179.656 179.790 179.924 180.027 180.291 180.555 180.553 179.825 179.096 178.157 177.783 177.476 177.169 176.930 177.052 177.173 177.274 177.323
196.857 196.111 195.093 194.287 193.480 192.810 192.133 191.395 190.657 189.843 189.016 188.244 187.626 186.910 186.194 185.777 185.486 185.161 184.836 184.525 184.621 184.717 184.541 183.503 182.398 181.428 180.825 180.137 179.449 179.771 180.217 180.506 180.237 179.326 178.356 177.535 177.200 176.865 176.677 176.497 176.305 176.095 176.106 176.328 176.551 176.516 176.721 176.926 177.012 177.163 177.297 177.431 177.349 177.590 177.854 177.994 177.462 176.733 176.005 175.672 175.366 175.106 175.235 175.361 175.482 175.583 175.632
194.091 192.849 191.830 191.024 190.346 189.702 189.098 188.422 187.683 186.870 186.098 185.590 184.972 184.256 183.811 183.445 183.196 182.905 182.580 182.140 181.810 181.906 181.731 181.329 180.293 179.323 178.838 178.237 177.549 177.870 178.157 177.826 177.557 177.336 176.427 175.606 175.271 175.085 175.018 174.838 174.627 174.349 174.360 174.582 174.452 174.374 174.580 174.665 174.659 174.821 174.986 175.120 175.038 174.810 175.049 175.189 174.987 174.457 173.729 173.396 173.138 173.018 173.147 173.433 173.559 173.660 173.709
190.828 189.587 188.568 187.890 187.238 186.594 185.990 185.386 184.710 183.952 183.445 182.937 182.319 181.874 181.478 181.112 180.864 180.615 180.324 179.884 179.427 179.096 178.920 178.519 178.117 177.219 176.734 176.249 175.648 175.807 175.476 175.145 174.876 174.656 174.435 173.678 173.492 173.425 173.359 173.159 172.881 172.603 172.614 172.482 172.310 172.233 172.317 172.311 172.305 172.468 172.644 172.809 172.728 172.499 172.270 172.384 172.182 171.981 171.452 171.169 171.050 170.930 171.059 171.345 171.631 171.737 172.032
188.070 186.829 185.889 185.237 184.585 184.038 183.434 182.829 182.258 181.776 181.268 180.760 180.333 179.937 179.541 179.175 178.926 178.678 178.433 178.098 177.641 177.184 176.767 176.366 175.964 175.545 175.060 174.575 174.136 173.860 173.529 173.198 172.929 172.709 172.488 172.282 172.203 172.137 172.070 171.823 171.545 171.267 171.050 170.878 170.706 170.570 170.564 170.558 170.524 170.585 170.761 170.938 170.863 170.634 170.406 170.184 169.983 169.781 169.585 169.474 169.355 169.235 169.364 169.650 169.936 170.038 170.481
186.377 185.136 184.196 183.544 183.044 182.643 182.039 181.468 181.047 180.587 180.099 179.591 179.177 178.833 178.437 178.071 177.822 177.578 177.350 177.172 176.844 176.387 175.978 175.600 175.199 174.779 174.294 173.856 173.583 173.395 173.130 172.799 172.530 172.310 172.110 171.920 171.710 171.631 171.565 171.338 171.074 170.796 170.579 170.407 170.226 170.084 170.078 170.043 169.920 169.809 169.870 170.046 169.963 169.711 169.483 169.261 169.060 168.864 168.683 168.594 168.488 168.369 168.498 168.784 168.840 168.794 168.864
184.537 183.443 182.503 182.004 181.649 181.249 180.679 180.257 179.835 179.375 178.909 178.421 178.007 177.677 177.333 176.967 176.723 176.495 176.267 176.088 175.917 175.590 175.181 174.811 174.433 174.014 173.576 173.303 173.031 172.843 172.665 172.401 172.132 171.932 171.747 171.557 171.348 171.138 171.059 170.832 170.589 170.326 170.109 169.928 169.740 169.598 169.562 169.439 169.317 169.205 169.095 169.154 169.071 168.811 168.559 168.338 168.142 167.961 167.780 167.691 167.608 167.503 167.632 167.686 167.595 167.550 167.620
182.544 181.604 180.966 180.612 180.257 179.890 179.469 179.047 178.625 178.165 177.699 177.233 176.840 176.509 176.179 175.869 175.641 175.413 175.185 175.007 174.835 174.664 174.384 174.014 173.644 173.295 173.023 172.751 172.479 172.290 172.112 171.934 171.752 171.568 171.384 171.193 170.984 170.775 170.565 170.326 170.083 169.840 169.628 169.441 169.253 169.081 168.959 168.836 168.713 168.601 168.491 168.380 168.181 167.920 167.660 167.422 167.241 167.060 166.879 166.790 166.707 166.624 166.536 166.445 166.354 166.308 166.378
181.180 180.476 180.050 179.689 179.334 178.967 178.546 178.124 177.741 177.288 176.822 176.462 176.161 175.831 175.505 175.200 174.924 174.696 174.468 174.249 174.072 173.900 173.620 173.250 172.923 172.710 172.385 172.113 171.840 171.676 171.501 171.323 171.141 170.957 170.767 170.566 170.382 170.173 169.964 169.724 169.481 169.221 168.992 168.800 168.612 168.441 168.318 168.195 168.060 167.927 167.815 167.704 167.504 167.244 167.011 166.831 166.617 166.436 166.255 166.145 166.061 165.978 165.890 165.799 165.713 165.643 165.620
180.054 179.568 179.142 178.773 178.411 178.045 177.623 177.240 176.863 176.410 176.051 175.784 175.483 175.157 174.847 174.542 174.255 173.980 173.752 173.532 173.314 173.137 172.857 172.530 172.353 172.140 171.800 171.474 171.202 171.038 170.887 170.712 170.530 170.340 170.132 169.931 169.755 169.571 169.362 169.122 168.862 168.591 168.362 168.163 167.971 167.800 167.677 167.542 167.407 167.274 167.140 167.028 166.828 166.595 166.431 166.251 166.025 165.811 165.631 165.521 165.416 165.331 165.243 165.157 165.084 165.014 164.955
179.146 178.659 178.233 177.864 177.496 177.122 176.739 176.362 175.986 175.640 175.373 175.105 174.809 174.500 174.190 173.885 173.598 173.311 173.035 172.815 172.597 172.379 172.138 171.960 171.783 171.570 171.230 170.890 170.564 170.399 170.248 170.097 169.913 169.705 169.497 169.296 169.120 168.943 168.760 168.503 168.231 167.960 167.731 167.533 167.335 167.159 167.024 166.889 166.754 166.620 166.487 166.354 166.179 166.016 165.852 165.672 165.446 165.220 165.006 164.896 164.792 164.687 164.602 164.529 164.455 164.386 164.326
178.241 177.770 177.407 177.047 176.679 176.312 175.946 175.569 175.192 174.909 174.642 174.363 174.055 173.747 173.438 173.133 172.846 172.559 172.194 171.950 171.732 171.489 171.270 171.099 170.922 170.709 170.369 170.029 169.795 169.643 169.492 169.360 169.251 169.051 168.843 168.625 168.415 168.239 168.062 167.800 167.528 167.254 167.020 166.822 166.624 166.410 166.264 166.129 165.993 165.846 165.713 165.580 165.429 165.265 165.101 164.877 164.651 164.426 164.212 164.041 163.936 163.831 163.745 163.672 163.598 163.551 163.541
177.354 176.944 176.581 176.262 175.903 175.536 175.180 174.814 174.437 174.154 173.876 173.559 173.251 172.950 172.642 172.337 172.050 171.685 171.261 171.016 170.773 170.450 170.231 170.100 169.929 169.716 169.376 169.142 168.984 168.833 168.702 168.629 168.519 168.381 168.182 167.964 167.713 167.502 167.326 167.063 166.789 166.506 166.272 166.074 165.841 165.625 165.466 165.320 165.185 165.033 164.884 164.751 164.600 164.436 164.211 163.985 163.759 163.545 163.338 163.146 162.976 162.871 162.785 162.712 162.621 162.574 162.636
176.527 176.117 175.754 175.436 175.118 174.761 174.405 174.048 173.682 173.388 173.071 172.754 172.446 172.146 171.845 171.542 171.177 170.752 170.327 170.058 169.734 169.411 169.192 169.061 168.930 168.724 168.490 168.332 168.174 168.043 167.970 167.897 167.788 167.649 167.511 167.302 167.051 166.800 166.590 166.324 166.041 165.759 165.525 165.292 165.056 164.840 164.681 164.522 164.376 164.224 164.071 163.922 163.771 163.546 163.319 163.092 162.878 162.671 162.464 162.272 162.081 161.911 161.825 161.734 161.644 161.596 161.658
175.738 175.328 174.965 174.647 174.329 174.014 173.658 173.301 172.967 172.672 172.355 172.038 171.729 171.429 171.129 170.809 170.383 169.958 169.534 169.146 168.823 168.499 168.281 168.149 168.018 167.869 167.727 167.569 167.411 167.329 167.256 167.184 167.160 167.022 166.883 166.718 166.468 166.217 165.972 165.683 165.401 165.118 164.860 164.625 164.390 164.174 164.015 163.856 163.675 163.516 163.362 163.209 163.002 162.775 162.547 162.326 162.118 161.911 161.691 161.496 161.305 161.114 160.925 160.834 160.744 160.696 160.758
175.013 174.603 174.240 173.922 173.619 173.315 172.959 172.625 172.363 172.086 171.789 171.472 171.164 170.863 170.573 170.260 169.828 169.402 168.977 168.520 168.128 167.804 167.586 167.454 167.267 167.079 167.027 166.885 166.727 166.645 166.572 166.593 166.602 166.572 166.433 166.268 166.017 165.772 165.541 165.238 164.943 164.660 164.400 164.159 163.924 163.708 163.549 163.368 163.136 162.976 162.823 162.629 162.424 162.209 161.982 161.760 161.553 161.332 161.083 160.888 160.697 160.446 160.233 160.066 159.976 159.928 159.990
