in/Manuel_example/GIS_files/A01_001_C_G.asc
ncols    605
nrows    205
xllcorner    488220
yllcorner    4065460
cellsize    15
NODATA_value    -9999
[rows 56 to 83 of 205, columns 189 to 251 of 605]
1775.757 1775.860 1775.963 1776.068 1776.173 1776.278 1776.384 1776.491 1776.599 1776.706 1776.815 1776.924 1777.033 1777.144 1777.255 1777.366 1777.478 1777.591 1777.704 1777.817 1777.933 1778.048 1778.163 1778.279 1778.396 1778.513 1778.631 1778.750 1778.869 1778.988 1779.109 1779.230 1779.351 1779.473 1779.596 1779.719 1779.843 1779.968 1780.093 1780.218 1780.346 1780.473 1780.600 1780.728 1780.857 1780.987 1781.117 1781.248 1781.380 1781.511 1781.645 1781.779 1781.912 1782.047 1782.183 1782.319 1782.455 1782.593 1782.731 1782.870 1783.010 1783.151 1783.290
1775.755 1775.858 1775.961 1776.066 1776.171 1776.277 1776.383 1776.490 1776.597 1776.705 1776.814 1776.923 1777.033 1777.143 1777.255 1777.366 1777.478 1777.591 1777.704 1777.818 1777.933 1778.048 1778.163 1778.280 1778.397 1778.514 1778.632 1778.751 1778.870 1778.989 1779.110 1779.232 1779.353 1779.475 1779.598 1779.722 1779.845 1779.971 1780.096 1780.221 1780.349 1780.476 1780.603 1780.732 1780.862 1780.991 1781.121 1781.253 1781.385 1781.516 1781.650 1781.784 1781.918 1782.053 1782.189 1782.325 1782.462 1782.600 1782.738 1782.876 1783.017 1783.157 1783.298
1775.752 1775.856 1775.959 1776.064 1776.169 1776.275 1776.381 1776.488 1776.596 1776.703 1776.813 1776.922 1777.032 1777.142 1777.254 1777.365 1777.477 1777.591 1777.704 1777.818 1777.933 1778.048 1778.164 1778.280 1778.398 1778.515 1778.633 1778.752 1778.871 1778.991 1779.112 1779.233 1779.355 1779.478 1779.601 1779.724 1779.848 1779.973 1780.099 1780.224 1780.352 1780.479 1780.607 1780.736 1780.866 1780.995 1781.126 1781.258 1781.389 1781.521 1781.655 1781.789 1781.923 1782.058 1782.194 1782.331 1782.468 1782.607 1782.745 1782.883 1783.024 1783.165 1783.305
1775.750 1775.854 1775.957 1776.062 1776.167 1776.273 1776.379 1776.487 1776.594 1776.702 1776.812 1776.921 1777.031 1777.141 1777.253 1777.365 1777.477 1777.590 1777.704 1777.817 1777.933 1778.049 1778.164 1778.281 1778.398 1778.516 1778.634 1778.753 1778.873 1778.992 1779.113 1779.235 1779.356 1779.479 1779.603 1779.727 1779.850 1779.976 1780.102 1780.227 1780.355 1780.482 1780.610 1780.740 1780.870 1780.999 1781.130 1781.262 1781.394 1781.526 1781.660 1781.794 1781.928 1782.064 1782.200 1782.336 1782.474 1782.613 1782.751 1782.890 1783.031 1783.172 1783.313
1775.748 1775.851 1775.955 1776.060 1776.165 1776.271 1776.377 1776.485 1776.593 1776.701 1776.810 1776.920 1777.030 1777.140 1777.252 1777.364 1777.476 1777.590 1777.704 1777.817 1777.933 1778.049 1778.164 1778.281 1778.399 1778.517 1778.635 1778.754 1778.874 1778.993 1779.115 1779.237 1779.358 1779.481 1779.605 1779.729 1779.853 1779.979 1780.104 1780.230 1780.358 1780.486 1780.614 1780.743 1780.873 1781.003 1781.134 1781.266 1781.399 1781.530 1781.665 1781.799 1781.933 1782.069 1782.206 1782.342 1782.480 1782.619 1782.758 1782.896 1783.038 1783.179 1783.320
1775.745 1775.849 1775.953 1776.058 1776.164 1776.269 1776.376 1776.483 1776.591 1776.699 1776.809 1776.919 1777.029 1777.140 1777.252 1777.363 1777.476 1777.590 1777.703 1777.817 1777.933 1778.049 1778.164 1778.282 1778.399 1778.517 1778.635 1778.755 1778.875 1778.995 1779.117 1779.238 1779.360 1779.483 1779.607 1779.731 1779.856 1779.981 1780.107 1780.233 1780.361 1780.489 1780.617 1780.747 1780.877 1781.007 1781.138 1781.270 1781.403 1781.535 1781.670 1781.804 1781.939 1782.075 1782.212 1782.348 1782.486 1782.625 1782.764 1782.903 1783.044 1783.186 1783.327
1775.742 1775.846 1775.950 1776.055 1776.162 1776.267 1776.374 1776.481 1776.589 1776.697 1776.807 1776.917 1777.027 1777.139 1777.251 1777.363 1777.475 1777.589 1777.703 1777.817 1777.932 1778.048 1778.164 1778.282 1778.400 1778.518 1778.636 1778.756 1778.876 1778.996 1779.118 1779.240 1779.362 1779.485 1779.609 1779.733 1779.858 1779.984 1780.110 1780.236 1780.364 1780.492 1780.620 1780.750 1780.881 1781.011 1781.142 1781.274 1781.407 1781.540 1781.675 1781.809 1781.944 1782.080 1782.217 1782.354 1782.492 1782.631 1782.770 1782.909 1783.051 1783.192 1783.334
1775.739 1775.844 1775.948 1776.053 1776.159 1776.265 1776.372 1776.480 1776.588 1776.696 1776.806 1776.916 1777.026 1777.137 1777.250 1777.362 1777.474 1777.588 1777.703 1777.816 1777.932 1778.048 1778.165 1778.282 1778.400 1778.518 1778.636 1778.756 1778.877 1778.997 1779.119 1779.241 1779.363 1779.486 1779.611 1779.735 1779.860 1779.986 1780.113 1780.239 1780.367 1780.495 1780.624 1780.754 1780.884 1781.015 1781.146 1781.278 1781.411 1781.544 1781.679 1781.814 1781.949 1782.085 1782.223 1782.360 1782.498 1782.637 1782.777 1782.916 1783.057 1783.199 1783.341
1775.737 1775.841 1775.945 1776.051 1776.157 1776.263 1776.370 1776.478 1776.586 1776.694 1776.804 1776.914 1777.025 1777.136 1777.248 1777.361 1777.473 1777.588 1777.702 1777.816 1777.932 1778.048 1778.165 1778.282 1778.400 1778.518 1778.637 1778.757 1778.878 1778.998 1779.120 1779.242 1779.365 1779.488 1779.613 1779.737 1779.862 1779.988 1780.115 1780.241 1780.370 1780.498 1780.627 1780.757 1780.888 1781.018 1781.150 1781.283 1781.416 1781.549 1781.684 1781.819 1781.954 1782.091 1782.228 1782.365 1782.504 1782.643 1782.783 1782.922 1783.064 1783.206 1783.348
1775.734 1775.838 1775.942 1776.048 1776.154 1776.260 1776.367 1776.476 1776.584 1776.692 1776.802 1776.912 1777.023 1777.135 1777.247 1777.359 1777.472 1777.586 1777.701 1777.815 1777.931 1778.048 1778.164 1778.282 1778.400 1778.518 1778.638 1778.758 1778.879 1778.999 1779.121 1779.244 1779.366 1779.490 1779.614 1779.739 1779.864 1779.991 1780.117 1780.244 1780.372 1780.501 1780.630 1780.760 1780.891 1781.022 1781.154 1781.287 1781.420 1781.553 1781.689 1781.824 1781.959 1782.096 1782.234 1782.371 1782.509 1782.649 1782.789 1782.929 1783.071 1783.212 1783.355
1775.731 1775.835 1775.940 1776.045 1776.152 1776.258 1776.365 1776.474 1776.582 1776.690 1776.800 1776.911 1777.021 1777.133 1777.246 1777.358 1777.471 1777.585 1777.700 1777.815 1777.931 1778.047 1778.164 1778.282 1778.400 1778.519 1778.638 1778.759 1778.879 1779.000 1779.122 1779.245 1779.367 1779.491 1779.616 1779.740 1779.866 1779.993 1780.120 1780.246 1780.375 1780.504 1780.633 1780.763 1780.894 1781.025 1781.157 1781.291 1781.424 1781.557 1781.693 1781.828 1781.964 1782.101 1782.239 1782.376 1782.515 1782.655 1782.795 1782.935 1783.077 1783.219 1783.362
1775.728 1775.833 1775.937 1776.043 1776.149 1776.256 1776.363 1776.471 1776.580 1776.688 1776.799 1776.909 1777.020 1777.132 1777.244 1777.357 1777.470 1777.585 1777.699 1777.814 1777.931 1778.047 1778.164 1778.282 1778.400 1778.519 1778.638 1778.759 1778.880 1779.000 1779.123 1779.246 1779.369 1779.493 1779.618 1779.742 1779.868 1779.995 1780.122 1780.249 1780.378 1780.507 1780.636 1780.766 1780.898 1781.029 1781.161 1781.294 1781.428 1781.561 1781.697 1781.833 1781.968 1782.106 1782.244 1782.382 1782.520 1782.661 1782.801 1782.941 1783.084 1783.226 1783.369
1775.725 1775.829 1775.934 1776.040 1776.147 1776.253 1776.360 1776.469 1776.577 1776.686 1776.797 1776.907 1777.018 1777.130 1777.243 1777.355 1777.469 1777.584 1777.698 1777.813 1777.930 1778.047 1778.163 1778.282 1778.400 1778.519 1778.639 1778.760 1778.880 1779.001 1779.124 1779.247 1779.370 1779.494 1779.619 1779.744 1779.870 1779.997 1780.124 1780.251 1780.381 1780.510 1780.639 1780.769 1780.901 1781.032 1781.165 1781.298 1781.432 1781.565 1781.701 1781.837 1781.973 1782.110 1782.248 1782.386 1782.526 1782.666 1782.806 1782.947 1783.090 1783.233 1783.376
1775.722 1775.826 1775.931 1776.037 1776.144 1776.251 1776.358 1776.466 1776.575 1776.684 1776.795 1776.906 1777.016 1777.128 1777.241 1777.354 1777.467 1777.583 1777.698 1777.812 1777.929 1778.046 1778.163 1778.281 1778.400 1778.519 1778.639 1778.760 1778.881 1779.002 1779.124 1779.247 1779.371 1779.495 1779.621 1779.746 1779.871 1779.998 1780.126 1780.253 1780.383 1780.512 1780.642 1780.772 1780.904 1781.035 1781.168 1781.302 1781.436 1781.569 1781.705 1781.841 1781.978 1782.115 1782.253 1782.392 1782.531 1782.671 1782.812 1782.953 1783.096 1783.240 1783.382
1775.719 1775.823 1775.928 1776.034 1776.141 1776.248 1776.355 1776.464 1776.573 1776.682 1776.792 1776.903 1777.014 1777.126 1777.239 1777.352 1777.466 1777.581 1777.696 1777.811 1777.928 1778.045 1778.162 1778.281 1778.400 1778.519 1778.639 1778.760 1778.881 1779.002 1779.125 1779.248 1779.372 1779.496 1779.622 1779.747 1779.873 1780.000 1780.128 1780.255 1780.385 1780.515 1780.644 1780.775 1780.907 1781.039 1781.171 1781.306 1781.440 1781.573 1781.710 1781.846 1781.982 1782.120 1782.258 1782.397 1782.536 1782.677 1782.818 1782.959 1783.102 1783.246 1783.389
1775.715 1775.820 1775.925 1776.031 1776.138 1776.245 1776.352 1776.461 1776.570 1776.679 1776.790 1776.901 1777.012 1777.125 1777.238 1777.351 1777.465 1777.580 1777.695 1777.810 1777.928 1778.045 1778.162 1778.280 1778.399 1778.519 1778.639 1778.760 1778.881 1779.003 1779.126 1779.249 1779.373 1779.497 1779.623 1779.748 1779.875 1780.002 1780.130 1780.257 1780.387 1780.517 1780.647 1780.778 1780.910 1781.042 1781.175 1781.309 1781.443 1781.577 1781.714 1781.850 1781.987 1782.125 1782.264 1782.402 1782.542 1782.683 1782.824 1782.965 1783.108 1783.252 1783.395
1775.712 1775.817 1775.922 1776.028 1776.135 1776.242 1776.350 1776.459 1776.568 1776.677 1776.788 1776.899 1777.010 1777.122 1777.236 1777.349 1777.463 1777.579 1777.694 1777.809 1777.927 1778.044 1778.161 1778.279 1778.399 1778.518 1778.638 1778.760 1778.881 1779.003 1779.127 1779.250 1779.374 1779.498 1779.624 1779.749 1779.876 1780.004 1780.132 1780.259 1780.389 1780.519 1780.649 1780.781 1780.913 1781.045 1781.178 1781.313 1781.447 1781.581 1781.718 1781.854 1781.991 1782.130 1782.269 1782.407 1782.547 1782.689 1782.830 1782.971 1783.114 1783.258 1783.402
1775.708 1775.814 1775.919 1776.025 1776.132 1776.239 1776.347 1776.456 1776.565 1776.674 1776.785 1776.897 1777.008 1777.120 1777.234 1777.347 1777.461 1777.577 1777.693 1777.808 1777.925 1778.043 1778.160 1778.279 1778.398 1778.518 1778.638 1778.760 1778.881 1779.003 1779.127 1779.251 1779.374 1779.499 1779.625 1779.751 1779.878 1780.006 1780.134 1780.261 1780.391 1780.521 1780.652 1780.784 1780.916 1781.048 1781.181 1781.316 1781.451 1781.585 1781.722 1781.859 1781.995 1782.134 1782.273 1782.413 1782.552 1782.694 1782.836 1782.977 1783.120 1783.264 1783.408
1775.705 1775.810 1775.915 1776.022 1776.129 1776.236 1776.344 1776.453 1776.562 1776.672 1776.783 1776.894 1777.006 1777.119 1777.232 1777.346 1777.460 1777.575 1777.691 1777.806 1777.924 1778.042 1778.159 1778.278 1778.398 1778.518 1778.638 1778.760 1778.882 1779.003 1779.127 1779.251 1779.375 1779.500 1779.626 1779.752 1779.879 1780.007 1780.135 1780.263 1780.394 1780.524 1780.654 1780.786 1780.919 1781.051 1781.184 1781.319 1781.454 1781.589 1781.726 1781.863 1782.000 1782.139 1782.278 1782.417 1782.557 1782.699 1782.841 1782.983 1783.127 1783.271 1783.415
1775.701 1775.806 1775.911 1776.018 1776.126 1776.233 1776.341 1776.450 1776.560 1776.669 1776.780 1776.892 1777.003 1777.116 1777.230 1777.344 1777.458 1777.574 1777.689 1777.805 1777.923 1778.040 1778.158 1778.278 1778.398 1778.517 1778.638 1778.759 1778.881 1779.003 1779.127 1779.251 1779.375 1779.501 1779.627 1779.753 1779.880 1780.008 1780.136 1780.265 1780.396 1780.526 1780.657 1780.788 1780.921 1781.054 1781.187 1781.322 1781.457 1781.592 1781.730 1781.867 1782.004 1782.143 1782.283 1782.422 1782.562 1782.704 1782.846 1782.988 1783.133 1783.277 1783.421
1775.697 1775.802 1775.908 1776.015 1776.122 1776.230 1776.338 1776.447 1776.557 1776.666 1776.777 1776.889 1777.001 1777.114 1777.228 1777.342 1777.456 1777.572 1777.688 1777.804 1777.921 1778.039 1778.157 1778.277 1778.397 1778.517 1778.637 1778.759 1778.881 1779.003 1779.127 1779.252 1779.376 1779.502 1779.628 1779.754 1779.881 1780.009 1780.138 1780.267 1780.398 1780.528 1780.659 1780.791 1780.923 1781.057 1781.190 1781.325 1781.461 1781.596 1781.734 1781.871 1782.008 1782.147 1782.287 1782.427 1782.567 1782.709 1782.851 1782.994 1783.138 1783.283 1783.427
1775.693 1775.799 1775.904 1776.011 1776.119 1776.226 1776.334 1776.444 1776.554 1776.663 1776.775 1776.887 1776.998 1777.112 1777.226 1777.339 1777.454 1777.570 1777.686 1777.802 1777.920 1778.038 1778.156 1778.276 1778.396 1778.516 1778.637 1778.759 1778.881 1779.003 1779.128 1779.252 1779.377 1779.502 1779.629 1779.755 1779.882 1780.011 1780.140 1780.268 1780.399 1780.530 1780.661 1780.793 1780.926 1781.060 1781.193 1781.329 1781.464 1781.599 1781.737 1781.875 1782.012 1782.152 1782.292 1782.432 1782.572 1782.715 1782.857 1782.999 1783.144 1783.289 1783.434
1775.690 1775.795 1775.901 1776.007 1776.115 1776.223 1776.331 1776.441 1776.550 1776.660 1776.772 1776.884 1776.996 1777.109 1777.223 1777.337 1777.452 1777.568 1777.684 1777.800 1777.919 1778.037 1778.155 1778.275 1778.395 1778.515 1778.636 1778.759 1778.881 1779.003 1779.128 1779.252 1779.377 1779.503 1779.630 1779.756 1779.883 1780.012 1780.141 1780.270 1780.401 1780.532 1780.663 1780.796 1780.929 1781.062 1781.196 1781.332 1781.467 1781.603 1781.740 1781.878 1782.016 1782.156 1782.296 1782.436 1782.577 1782.720 1782.862 1783.005 1783.150 1783.295 1783.440
1775.686 1775.791 1775.897 1776.004 1776.111 1776.219 1776.328 1776.437 1776.547 1776.657 1776.769 1776.881 1776.993 1777.106 1777.220 1777.335 1777.450 1777.566 1777.682 1777.799 1777.917 1778.036 1778.154 1778.273 1778.394 1778.514 1778.635 1778.758 1778.881 1779.003 1779.127 1779.252 1779.377 1779.503 1779.630 1779.757 1779.884 1780.013 1780.142 1780.271 1780.403 1780.534 1780.665 1780.798 1780.932 1781.065 1781.199 1781.335 1781.471 1781.606 1781.744 1781.882 1782.020 1782.160 1782.300 1782.440 1782.582 1782.725 1782.868 1783.010 1783.156 1783.301 1783.446
1775.681 1775.787 1775.893 1776.000 1776.108 1776.216 1776.324 1776.434 1776.544 1776.654 1776.766 1776.878 1776.990 1777.104 1777.218 1777.332 1777.447 1777.564 1777.680 1777.797 1777.915 1778.034 1778.152 1778.272 1778.393 1778.514 1778.635 1778.757 1778.880 1779.003 1779.127 1779.252 1779.377 1779.504 1779.631 1779.758 1779.885 1780.014 1780.144 1780.273 1780.404 1780.536 1780.667 1780.800 1780.934 1781.068 1781.202 1781.338 1781.474 1781.610 1781.748 1781.886 1782.024 1782.164 1782.304 1782.445 1782.587 1782.730 1782.873 1783.016 1783.161 1783.307 1783.452
1775.677 1775.783 1775.889 1775.996 1776.104 1776.212 1776.321 1776.431 1776.541 1776.651 1776.763 1776.875 1776.988 1777.101 1777.216 1777.330 1777.445 1777.562 1777.678 1777.795 1777.913 1778.032 1778.151 1778.271 1778.392 1778.512 1778.634 1778.757 1778.879 1779.002 1779.128 1779.252 1779.377 1779.504 1779.631 1779.758 1779.886 1780.016 1780.145 1780.274 1780.406 1780.537 1780.669 1780.802 1780.936 1781.070 1781.204 1781.340 1781.476 1781.613 1781.751 1781.890 1782.028 1782.168 1782.309 1782.450 1782.591 1782.734 1782.877 1783.021 1783.167 1783.312 1783.458
1775.673 1775.779 1775.885 1775.992 1776.100 1776.208 1776.317 1776.427 1776.537 1776.648 1776.760 1776.872 1776.985 1777.098 1777.213 1777.328 1777.443 1777.559 1777.676 1777.793 1777.911 1778.030 1778.149 1778.269 1778.391 1778.511 1778.633 1778.755 1778.879 1779.002 1779.127 1779.253 1779.377 1779.504 1779.631 1779.758 1779.887 1780.017 1780.146 1780.275 1780.407 1780.539 1780.671 1780.804 1780.939 1781.072 1781.207 1781.343 1781.479 1781.616 1781.755 1781.894 1782.032 1782.172 1782.314 1782.454 1782.596 1782.739 1782.882 1783.026 1783.172 1783.318 1783.464
1775.668 1775.774 1775.881 1775.988 1776.096 1776.205 1776.313 1776.423 1776.534 1776.644 1776.757 1776.869 1776.982 1777.095 1777.210 1777.325 1777.440 1777.557 1777.674 1777.791 1777.909 1778.028 1778.147 1778.268 1778.389 1778.510 1778.632 1778.755 1778.878 1779.001 1779.127 1779.252 1779.377 1779.504 1779.631 1779.759 1779.887 1780.017 1780.147 1780.277 1780.408 1780.540 1780.672 1780.806 1780.940 1781.075 1781.209 1781.346 1781.482 1781.619 1781.758 1781.897 1782.036 1782.176 1782.317 1782.459 1782.600 1782.744 1782.887 1783.031 1783.177 1783.324 1783.469
