in/Manuel_example/GIS_files/A01_001_C_G.asc
ncols    605
nrows    205
xllcorner    488220
yllcorner    4065460
cellsize    15
NODATA_value    -9999
[rows 112 to 139 of 205, columns 126 to 188 of 605]
1770.089 1770.154 1770.219 1770.285 1770.352 1770.419 1770.487 1770.556 1770.625 1770.695 1770.766 1770.838 1770.909 1770.983 1771.057 1771.130 1771.205 1771.281 1771.357 1771.434 1771.512 1771.590 1771.669 1771.749 1771.829 1771.910 1771.992 1772.075 1772.158 1772.241 1772.326 1772.411 1772.496 1772.583 1772.671 1772.758 1772.847 1772.937 1773.027 1773.117 1773.209 1773.301 1773.393 1773.487 1773.582 1773.676 1773.772 1773.869 1773.965 1774.063 1774.162 1774.261 1774.360 1774.461 1774.563 1774.664 1774.767 1774.871 1774.975 1775.079 1775.186 1775.292 1775.398
1770.082 1770.147 1770.211 1770.278 1770.345 1770.411 1770.479 1770.548 1770.618 1770.687 1770.759 1770.830 1770.901 1770.975 1771.049 1771.122 1771.197 1771.273 1771.349 1771.425 1771.504 1771.582 1771.660 1771.741 1771.821 1771.902 1771.984 1772.066 1772.149 1772.233 1772.318 1772.403 1772.488 1772.575 1772.663 1772.750 1772.839 1772.929 1773.019 1773.109 1773.201 1773.293 1773.385 1773.479 1773.574 1773.668 1773.764 1773.861 1773.958 1774.055 1774.154 1774.253 1774.352 1774.454 1774.555 1774.657 1774.760 1774.864 1774.968 1775.072 1775.179 1775.285 1775.391
1770.075 1770.139 1770.204 1770.270 1770.337 1770.404 1770.472 1770.541 1770.610 1770.679 1770.751 1770.822 1770.894 1770.967 1771.041 1771.114 1771.189 1771.265 1771.341 1771.417 1771.496 1771.574 1771.652 1771.732 1771.813 1771.893 1771.975 1772.058 1772.141 1772.224 1772.309 1772.395 1772.480 1772.567 1772.654 1772.742 1772.831 1772.921 1773.010 1773.101 1773.193 1773.285 1773.377 1773.471 1773.566 1773.660 1773.756 1773.853 1773.950 1774.047 1774.146 1774.246 1774.345 1774.446 1774.548 1774.649 1774.752 1774.856 1774.960 1775.065 1775.171 1775.278 1775.384
1770.068 1770.132 1770.196 1770.263 1770.329 1770.396 1770.464 1770.533 1770.602 1770.671 1770.743 1770.814 1770.885 1770.959 1771.032 1771.106 1771.181 1771.257 1771.333 1771.409 1771.487 1771.565 1771.644 1771.724 1771.805 1771.885 1771.967 1772.050 1772.133 1772.216 1772.301 1772.386 1772.471 1772.559 1772.646 1772.734 1772.822 1772.912 1773.002 1773.092 1773.184 1773.277 1773.369 1773.463 1773.558 1773.652 1773.748 1773.845 1773.942 1774.039 1774.139 1774.238 1774.337 1774.438 1774.540 1774.642 1774.745 1774.849 1774.953 1775.058 1775.164 1775.271 1775.377
1770.060 1770.125 1770.189 1770.255 1770.322 1770.388 1770.456 1770.525 1770.594 1770.664 1770.735 1770.806 1770.877 1770.951 1771.024 1771.098 1771.173 1771.249 1771.324 1771.401 1771.479 1771.557 1771.635 1771.716 1771.796 1771.877 1771.958 1772.041 1772.124 1772.207 1772.293 1772.378 1772.463 1772.550 1772.638 1772.725 1772.814 1772.904 1772.994 1773.084 1773.176 1773.268 1773.361 1773.455 1773.549 1773.644 1773.740 1773.837 1773.934 1774.031 1774.131 1774.230 1774.329 1774.431 1774.532 1774.634 1774.737 1774.842 1774.946 1775.050 1775.157 1775.264 1775.370
1770.053 1770.117 1770.181 1770.248 1770.314 1770.381 1770.449 1770.517 1770.586 1770.656 1770.727 1770.798 1770.869 1770.943 1771.016 1771.090 1771.164 1771.240 1771.316 1771.393 1771.471 1771.549 1771.627 1771.707 1771.788 1771.868 1771.950 1772.033 1772.116 1772.199 1772.284 1772.369 1772.455 1772.542 1772.629 1772.717 1772.806 1772.895 1772.985 1773.076 1773.168 1773.260 1773.352 1773.447 1773.541 1773.636 1773.732 1773.829 1773.926 1774.023 1774.123 1774.222 1774.321 1774.423 1774.525 1774.627 1774.730 1774.834 1774.938 1775.043 1775.150 1775.257 1775.363
1770.045 1770.110 1770.174 1770.240 1770.307 1770.373 1770.441 1770.510 1770.579 1770.648 1770.719 1770.790 1770.861 1770.934 1771.008 1771.081 1771.156 1771.232 1771.308 1771.384 1771.462 1771.540 1771.619 1771.699 1771.779 1771.860 1771.941 1772.024 1772.107 1772.190 1772.276 1772.361 1772.446 1772.533 1772.621 1772.708 1772.797 1772.887 1772.977 1773.067 1773.159 1773.252 1773.344 1773.438 1773.533 1773.628 1773.724 1773.821 1773.918 1774.015 1774.115 1774.214 1774.313 1774.415 1774.517 1774.619 1774.722 1774.826 1774.931 1775.036 1775.142 1775.249 1775.356
1770.038 1770.102 1770.167 1770.233 1770.299 1770.366 1770.433 1770.502 1770.571 1770.640 1770.711 1770.782 1770.853 1770.926 1771.000 1771.073 1771.148 1771.224 1771.299 1771.376 1771.454 1771.532 1771.610 1771.690 1771.771 1771.851 1771.933 1772.016 1772.098 1772.182 1772.267 1772.352 1772.437 1772.525 1772.612 1772.700 1772.788 1772.878 1772.968 1773.059 1773.151 1773.243 1773.335 1773.430 1773.524 1773.619 1773.715 1773.812 1773.909 1774.007 1774.107 1774.206 1774.305 1774.407 1774.509 1774.611 1774.714 1774.818 1774.923 1775.028 1775.135 1775.242 1775.348
1770.031 1770.095 1770.159 1770.225 1770.291 1770.358 1770.425 1770.494 1770.563 1770.632 1770.703 1770.774 1770.845 1770.918 1770.991 1771.065 1771.140 1771.215 1771.291 1771.367 1771.445 1771.523 1771.602 1771.682 1771.762 1771.842 1771.924 1772.007 1772.090 1772.173 1772.258 1772.344 1772.429 1772.516 1772.603 1772.691 1772.780 1772.870 1772.960 1773.050 1773.142 1773.235 1773.327 1773.421 1773.516 1773.611 1773.707 1773.804 1773.901 1773.999 1774.098 1774.198 1774.297 1774.399 1774.501 1774.603 1774.706 1774.811 1774.915 1775.020 1775.127 1775.234 1775.341
1770.023 1770.088 1770.152 1770.217 1770.284 1770.350 1770.418 1770.486 1770.555 1770.624 1770.695 1770.766 1770.837 1770.910 1770.983 1771.056 1771.131 1771.207 1771.282 1771.359 1771.437 1771.515 1771.593 1771.673 1771.753 1771.834 1771.916 1771.998 1772.081 1772.164 1772.250 1772.335 1772.420 1772.507 1772.595 1772.682 1772.771 1772.861 1772.951 1773.041 1773.134 1773.226 1773.318 1773.413 1773.508 1773.602 1773.698 1773.796 1773.893 1773.990 1774.090 1774.190 1774.289 1774.391 1774.493 1774.595 1774.698 1774.803 1774.907 1775.013 1775.120 1775.227 1775.334
1770.016 1770.080 1770.144 1770.210 1770.276 1770.342 1770.410 1770.478 1770.547 1770.616 1770.687 1770.758 1770.829 1770.901 1770.975 1771.048 1771.123 1771.198 1771.274 1771.350 1771.428 1771.506 1771.584 1771.664 1771.745 1771.825 1771.907 1771.990 1772.072 1772.156 1772.241 1772.326 1772.411 1772.498 1772.586 1772.673 1772.762 1772.852 1772.942 1773.033 1773.125 1773.217 1773.310 1773.404 1773.499 1773.594 1773.690 1773.787 1773.884 1773.982 1774.082 1774.181 1774.281 1774.383 1774.485 1774.587 1774.690 1774.795 1774.899 1775.005 1775.112 1775.219 1775.326
1770.008 1770.073 1770.137 1770.202 1770.268 1770.334 1770.402 1770.470 1770.539 1770.608 1770.679 1770.749 1770.820 1770.893 1770.966 1771.040 1771.114 1771.190 1771.265 1771.342 1771.420 1771.498 1771.576 1771.656 1771.736 1771.816 1771.898 1771.981 1772.064 1772.147 1772.232 1772.317 1772.402 1772.490 1772.577 1772.665 1772.754 1772.844 1772.934 1773.024 1773.116 1773.209 1773.301 1773.396 1773.490 1773.585 1773.681 1773.779 1773.876 1773.974 1774.073 1774.173 1774.273 1774.375 1774.477 1774.579 1774.682 1774.787 1774.892 1774.997 1775.104 1775.211 1775.318
1770.001 1770.065 1770.129 1770.195 1770.261 1770.327 1770.394 1770.462 1770.531 1770.600 1770.670 1770.741 1770.812 1770.885 1770.958 1771.031 1771.106 1771.181 1771.257 1771.333 1771.411 1771.489 1771.567 1771.647 1771.727 1771.808 1771.889 1771.972 1772.055 1772.138 1772.223 1772.308 1772.393 1772.481 1772.568 1772.656 1772.745 1772.835 1772.925 1773.015 1773.108 1773.200 1773.292 1773.387 1773.482 1773.576 1773.673 1773.770 1773.867 1773.965 1774.065 1774.165 1774.264 1774.366 1774.469 1774.571 1774.674 1774.779 1774.884 1774.989 1775.096 1775.204 1775.311
1769.993 1770.057 1770.121 1770.187 1770.253 1770.319 1770.386 1770.455 1770.523 1770.591 1770.662 1770.733 1770.804 1770.876 1770.949 1771.023 1771.097 1771.173 1771.248 1771.324 1771.402 1771.480 1771.558 1771.638 1771.718 1771.799 1771.880 1771.963 1772.046 1772.129 1772.214 1772.299 1772.384 1772.472 1772.559 1772.647 1772.736 1772.826 1772.916 1773.006 1773.099 1773.191 1773.283 1773.378 1773.473 1773.568 1773.664 1773.761 1773.859 1773.956 1774.056 1774.156 1774.256 1774.358 1774.460 1774.562 1774.666 1774.771 1774.876 1774.981 1775.088 1775.196 1775.303
1769.986 1770.050 1770.114 1770.179 1770.245 1770.311 1770.378 1770.447 1770.515 1770.583 1770.654 1770.725 1770.795 1770.868 1770.941 1771.014 1771.089 1771.164 1771.240 1771.316 1771.393 1771.471 1771.549 1771.629 1771.710 1771.790 1771.871 1771.954 1772.037 1772.120 1772.205 1772.290 1772.375 1772.463 1772.550 1772.638 1772.727 1772.817 1772.907 1772.997 1773.090 1773.182 1773.275 1773.369 1773.464 1773.559 1773.655 1773.753 1773.850 1773.948 1774.048 1774.147 1774.247 1774.349 1774.452 1774.554 1774.658 1774.763 1774.868 1774.973 1775.080 1775.188 1775.295
1769.978 1770.042 1770.106 1770.172 1770.237 1770.303 1770.370 1770.438 1770.507 1770.575 1770.646 1770.716 1770.787 1770.860 1770.933 1771.006 1771.080 1771.155 1771.231 1771.307 1771.385 1771.463 1771.540 1771.620 1771.701 1771.781 1771.862 1771.945 1772.028 1772.111 1772.196 1772.281 1772.366 1772.454 1772.541 1772.629 1772.718 1772.808 1772.898 1772.988 1773.081 1773.173 1773.266 1773.360 1773.455 1773.550 1773.646 1773.744 1773.841 1773.939 1774.039 1774.139 1774.239 1774.341 1774.443 1774.546 1774.650 1774.754 1774.859 1774.965 1775.072 1775.180 1775.287
1769.970 1770.034 1770.098 1770.164 1770.230 1770.295 1770.362 1770.430 1770.498 1770.567 1770.638 1770.708 1770.779 1770.851 1770.924 1770.997 1771.071 1771.147 1771.222 1771.298 1771.376 1771.454 1771.532 1771.611 1771.692 1771.772 1771.853 1771.936 1772.019 1772.102 1772.187 1772.272 1772.357 1772.445 1772.532 1772.620 1772.709 1772.799 1772.889 1772.979 1773.072 1773.164 1773.257 1773.351 1773.446 1773.541 1773.638 1773.735 1773.832 1773.930 1774.030 1774.130 1774.230 1774.332 1774.435 1774.537 1774.641 1774.746 1774.851 1774.956 1775.064 1775.171 1775.279
1769.963 1770.027 1770.091 1770.156 1770.222 1770.288 1770.354 1770.422 1770.490 1770.559 1770.630 1770.700 1770.770 1770.843 1770.916 1770.989 1771.063 1771.138 1771.213 1771.289 1771.367 1771.445 1771.523 1771.602 1771.683 1771.763 1771.844 1771.927 1772.010 1772.093 1772.178 1772.263 1772.348 1772.435 1772.523 1772.611 1772.699 1772.789 1772.879 1772.970 1773.063 1773.155 1773.247 1773.342 1773.437 1773.532 1773.629 1773.726 1773.823 1773.921 1774.021 1774.121 1774.221 1774.324 1774.426 1774.529 1774.632 1774.737 1774.842 1774.948 1775.056 1775.163 1775.271
1769.955 1770.019 1770.083 1770.148 1770.214 1770.280 1770.346 1770.414 1770.482 1770.551 1770.621 1770.692 1770.762 1770.834 1770.907 1770.980 1771.054 1771.129 1771.205 1771.280 1771.358 1771.436 1771.514 1771.593 1771.674 1771.754 1771.835 1771.918 1772.001 1772.084 1772.169 1772.254 1772.339 1772.426 1772.514 1772.601 1772.690 1772.780 1772.870 1772.961 1773.053 1773.146 1773.238 1773.333 1773.428 1773.523 1773.620 1773.717 1773.815 1773.913 1774.013 1774.113 1774.213 1774.315 1774.417 1774.520 1774.624 1774.729 1774.834 1774.940 1775.048 1775.155 1775.263
1769.947 1770.011 1770.075 1770.140 1770.206 1770.272 1770.338 1770.406 1770.474 1770.542 1770.613 1770.683 1770.753 1770.826 1770.898 1770.971 1771.045 1771.121 1771.196 1771.272 1771.349 1771.427 1771.505 1771.584 1771.665 1771.745 1771.826 1771.909 1771.991 1772.075 1772.160 1772.245 1772.330 1772.417 1772.505 1772.592 1772.681 1772.771 1772.861 1772.952 1773.044 1773.137 1773.229 1773.324 1773.419 1773.514 1773.610 1773.708 1773.805 1773.904 1774.004 1774.104 1774.204 1774.306 1774.409 1774.511 1774.615 1774.720 1774.826 1774.931 1775.039 1775.147 1775.255
1769.939 1770.003 1770.067 1770.133 1770.198 1770.264 1770.330 1770.398 1770.466 1770.534 1770.604 1770.675 1770.745 1770.817 1770.890 1770.963 1771.037 1771.112 1771.187 1771.263 1771.340 1771.418 1771.496 1771.575 1771.656 1771.736 1771.817 1771.900 1771.982 1772.065 1772.150 1772.235 1772.320 1772.408 1772.495 1772.583 1772.672 1772.762 1772.852 1772.942 1773.035 1773.127 1773.220 1773.315 1773.410 1773.505 1773.601 1773.699 1773.796 1773.895 1773.995 1774.095 1774.195 1774.297 1774.400 1774.503 1774.607 1774.712 1774.817 1774.923 1775.031 1775.138 1775.246
1769.931 1769.995 1770.059 1770.125 1770.190 1770.256 1770.323 1770.390 1770.458 1770.526 1770.596 1770.666 1770.736 1770.809 1770.881 1770.954 1771.028 1771.103 1771.178 1771.254 1771.331 1771.409 1771.486 1771.566 1771.646 1771.726 1771.808 1771.890 1771.973 1772.056 1772.141 1772.226 1772.311 1772.398 1772.486 1772.573 1772.662 1772.752 1772.842 1772.933 1773.026 1773.118 1773.211 1773.305 1773.400 1773.496 1773.592 1773.690 1773.787 1773.885 1773.986 1774.086 1774.186 1774.288 1774.391 1774.494 1774.598 1774.703 1774.808 1774.914 1775.022 1775.130 1775.238
1769.923 1769.987 1770.052 1770.117 1770.182 1770.248 1770.315 1770.382 1770.450 1770.518 1770.588 1770.658 1770.728 1770.800 1770.873 1770.945 1771.019 1771.094 1771.169 1771.245 1771.322 1771.400 1771.477 1771.557 1771.637 1771.717 1771.799 1771.881 1771.964 1772.047 1772.132 1772.217 1772.302 1772.389 1772.477 1772.564 1772.653 1772.743 1772.833 1772.924 1773.016 1773.109 1773.201 1773.296 1773.391 1773.486 1773.583 1773.680 1773.778 1773.876 1773.976 1774.077 1774.177 1774.279 1774.382 1774.485 1774.589 1774.694 1774.800 1774.906 1775.014 1775.122 1775.230
1769.915 1769.979 1770.044 1770.109 1770.174 1770.240 1770.307 1770.374 1770.442 1770.510 1770.580 1770.650 1770.720 1770.792 1770.864 1770.937 1771.010 1771.085 1771.160 1771.236 1771.313 1771.391 1771.468 1771.548 1771.628 1771.708 1771.789 1771.872 1771.954 1772.037 1772.122 1772.207 1772.292 1772.380 1772.467 1772.555 1772.643 1772.734 1772.824 1772.914 1773.007 1773.099 1773.192 1773.287 1773.382 1773.477 1773.573 1773.671 1773.769 1773.867 1773.967 1774.067 1774.168 1774.270 1774.373 1774.476 1774.580 1774.685 1774.791 1774.897 1775.005 1775.113 1775.221
1769.907 1769.971 1770.036 1770.101 1770.166 1770.232 1770.299 1770.366 1770.433 1770.501 1770.571 1770.641 1770.711 1770.783 1770.856 1770.928 1771.002 1771.076 1771.151 1771.227 1771.304 1771.382 1771.459 1771.539 1771.619 1771.699 1771.780 1771.863 1771.945 1772.028 1772.113 1772.198 1772.283 1772.370 1772.458 1772.545 1772.634 1772.724 1772.814 1772.905 1772.997 1773.090 1773.182 1773.277 1773.372 1773.468 1773.564 1773.662 1773.759 1773.858 1773.958 1774.058 1774.158 1774.261 1774.364 1774.467 1774.571 1774.677 1774.782 1774.888 1774.996 1775.105 1775.213
1769.899 1769.963 1770.028 1770.093 1770.158 1770.224 1770.291 1770.358 1770.425 1770.493 1770.563 1770.633 1770.703 1770.775 1770.847 1770.919 1770.993 1771.068 1771.143 1771.218 1771.295 1771.373 1771.450 1771.530 1771.609 1771.689 1771.771 1771.853 1771.936 1772.019 1772.104 1772.188 1772.273 1772.361 1772.448 1772.536 1772.624 1772.715 1772.805 1772.895 1772.988 1773.080 1773.173 1773.268 1773.363 1773.458 1773.555 1773.652 1773.750 1773.848 1773.949 1774.049 1774.149 1774.252 1774.355 1774.458 1774.562 1774.668 1774.773 1774.880 1774.988 1775.096 1775.204
1769.891 1769.955 1770.019 1770.085 1770.150 1770.216 1770.282 1770.350 1770.417 1770.485 1770.554 1770.624 1770.694 1770.766 1770.838 1770.910 1770.984 1771.059 1771.133 1771.209 1771.286 1771.364 1771.441 1771.520 1771.600 1771.680 1771.761 1771.844 1771.926 1772.009 1772.094 1772.179 1772.264 1772.351 1772.438 1772.526 1772.615 1772.705 1772.795 1772.886 1772.978 1773.071 1773.163 1773.258 1773.353 1773.448 1773.545 1773.643 1773.741 1773.839 1773.939 1774.040 1774.140 1774.243 1774.345 1774.448 1774.553 1774.659 1774.764 1774.871 1774.979 1775.087 1775.195
1769.883 1769.947 1770.011 1770.077 1770.142 1770.208 1770.274 1770.342 1770.409 1770.477 1770.546 1770.616 1770.685 1770.757 1770.830 1770.902 1770.975 1771.050 1771.124 1771.200 1771.277 1771.354 1771.432 1771.511 1771.591 1771.671 1771.752 1771.834 1771.917 1772.000 1772.085 1772.169 1772.254 1772.341 1772.429 1772.516 1772.605 1772.695 1772.785 1772.876 1772.968 1773.061 1773.154 1773.249 1773.344 1773.439 1773.536 1773.633 1773.731 1773.829 1773.930 1774.030 1774.131 1774.233 1774.336 1774.439 1774.544 1774.650 1774.755 1774.861 1774.970 1775.078 1775.186
