in/Manuel_example/GIS_files/A01_001_C_G.asc
ncols    605
nrows    205
xllcorner    488220
yllcorner    4065460
cellsize    15
NODATA_value    -9999
[rows 140 to 167 of 205, columns 441 to 503 of 605]
1836.811 1837.239 1837.668 1838.097 1838.528 1838.959 1839.391 1839.823 1840.257 1840.691 1841.125 1841.561 1841.998 1842.434 1842.873 1843.312 1843.751 1844.191 1844.632 1845.074 1845.516 1845.960 1846.404 1846.848 1847.295 1847.741 1848.188 1848.636 1849.085 1849.534 1849.983 1850.433 1850.883 1851.332 1851.781 1852.229 1852.677 1853.125 1853.572 1854.019 1854.466 1854.912 1855.358 1855.804 1856.246 1856.688 1857.129 1857.566 1857.995 1858.425 1858.853 1859.268 1859.684 1860.099 1860.504 1860.906 1861.307 1861.703 1862.090 1862.478 1862.863 1863.237 1863.611
1836.945 1837.374 1837.803 1838.231 1838.662 1839.093 1839.525 1839.957 1840.391 1840.825 1841.259 1841.695 1842.131 1842.568 1843.006 1843.445 1843.884 1844.324 1844.765 1845.207 1845.649 1846.093 1846.537 1846.981 1847.427 1847.874 1848.321 1848.769 1849.218 1849.667 1850.116 1850.566 1851.015 1851.465 1851.913 1852.362 1852.810 1853.258 1853.705 1854.152 1854.598 1855.044 1855.490 1855.936 1856.379 1856.820 1857.262 1857.698 1858.128 1858.558 1858.986 1859.402 1859.817 1860.233 1860.637 1861.039 1861.440 1861.836 1862.223 1862.611 1862.996 1863.370 1863.744
1837.079 1837.508 1837.937 1838.366 1838.796 1839.227 1839.659 1840.091 1840.524 1840.958 1841.392 1841.829 1842.265 1842.701 1843.140 1843.579 1844.017 1844.457 1844.899 1845.340 1845.782 1846.226 1846.670 1847.114 1847.560 1848.007 1848.453 1848.901 1849.350 1849.799 1850.248 1850.698 1851.147 1851.597 1852.046 1852.494 1852.942 1853.390 1853.837 1854.284 1854.731 1855.176 1855.622 1856.068 1856.511 1856.953 1857.394 1857.831 1858.261 1858.691 1859.119 1859.535 1859.950 1860.366 1860.770 1861.172 1861.573 1861.969 1862.356 1862.744 1863.129 1863.503 1863.877
1837.214 1837.642 1838.071 1838.500 1838.930 1839.361 1839.793 1840.225 1840.658 1841.092 1841.526 1841.962 1842.398 1842.835 1843.273 1843.712 1844.151 1844.590 1845.032 1845.473 1845.915 1846.359 1846.803 1847.247 1847.693 1848.139 1848.586 1849.034 1849.483 1849.932 1850.381 1850.830 1851.280 1851.729 1852.178 1852.626 1853.074 1853.522 1853.969 1854.416 1854.863 1855.309 1855.755 1856.200 1856.643 1857.085 1857.527 1857.963 1858.393 1858.823 1859.252 1859.667 1860.083 1860.499 1860.903 1861.305 1861.707 1862.102 1862.489 1862.877 1863.262 1863.636 1864.010
1837.348 1837.776 1838.205 1838.633 1839.064 1839.495 1839.926 1840.358 1840.792 1841.226 1841.659 1842.095 1842.532 1842.968 1843.406 1843.845 1844.283 1844.723 1845.165 1845.606 1846.047 1846.491 1846.935 1847.379 1847.825 1848.272 1848.718 1849.166 1849.615 1850.064 1850.513 1850.962 1851.412 1851.861 1852.310 1852.758 1853.206 1853.654 1854.101 1854.548 1854.995 1855.441 1855.886 1856.332 1856.775 1857.217 1857.658 1858.095 1858.525 1858.955 1859.384 1859.800 1860.216 1860.631 1861.036 1861.438 1861.839 1862.235 1862.622 1863.009 1863.395 1863.768 1864.142
1837.481 1837.910 1838.338 1838.767 1839.197 1839.628 1840.059 1840.491 1840.925 1841.358 1841.792 1842.228 1842.664 1843.100 1843.538 1843.977 1844.416 1844.855 1845.297 1845.738 1846.179 1846.623 1847.067 1847.511 1847.957 1848.403 1848.850 1849.297 1849.746 1850.195 1850.644 1851.094 1851.543 1851.993 1852.441 1852.890 1853.338 1853.785 1854.232 1854.679 1855.126 1855.572 1856.018 1856.463 1856.906 1857.348 1857.790 1858.227 1858.657 1859.087 1859.516 1859.932 1860.348 1860.764 1861.169 1861.570 1861.972 1862.367 1862.754 1863.142 1863.527 1863.901 1864.274
1837.614 1838.043 1838.471 1838.900 1839.330 1839.761 1840.192 1840.624 1841.058 1841.491 1841.925 1842.361 1842.797 1843.233 1843.671 1844.109 1844.548 1844.988 1845.429 1845.870 1846.311 1846.755 1847.199 1847.643 1848.089 1848.535 1848.981 1849.429 1849.878 1850.326 1850.775 1851.225 1851.675 1852.124 1852.573 1853.021 1853.469 1853.917 1854.364 1854.811 1855.258 1855.703 1856.149 1856.595 1857.038 1857.480 1857.921 1858.358 1858.789 1859.219 1859.648 1860.064 1860.480 1860.896 1861.301 1861.703 1862.104 1862.500 1862.887 1863.274 1863.660 1864.033 1864.406
1837.748 1838.176 1838.604 1839.033 1839.463 1839.894 1840.325 1840.757 1841.190 1841.624 1842.057 1842.493 1842.929 1843.365 1843.803 1844.242 1844.680 1845.120 1845.561 1846.002 1846.443 1846.887 1847.331 1847.774 1848.220 1848.666 1849.113 1849.560 1850.009 1850.458 1850.907 1851.356 1851.806 1852.255 1852.704 1853.152 1853.601 1854.048 1854.495 1854.942 1855.389 1855.834 1856.280 1856.726 1857.169 1857.611 1858.053 1858.490 1858.921 1859.351 1859.780 1860.196 1860.612 1861.028 1861.433 1861.835 1862.237 1862.632 1863.019 1863.406 1863.792 1864.165 1864.538
1837.880 1838.308 1838.737 1839.165 1839.595 1840.026 1840.457 1840.889 1841.322 1841.756 1842.189 1842.625 1843.061 1843.497 1843.934 1844.373 1844.812 1845.251 1845.692 1846.133 1846.574 1847.018 1847.462 1847.905 1848.351 1848.797 1849.243 1849.691 1850.140 1850.588 1851.037 1851.487 1851.936 1852.386 1852.835 1853.283 1853.731 1854.179 1854.626 1855.073 1855.519 1855.965 1856.411 1856.856 1857.299 1857.741 1858.183 1858.621 1859.052 1859.483 1859.912 1860.328 1860.744 1861.160 1861.565 1861.967 1862.368 1862.764 1863.151 1863.538 1863.924 1864.297 1864.670
1838.012 1838.441 1838.869 1839.297 1839.727 1840.158 1840.589 1841.021 1841.454 1841.887 1842.321 1842.757 1843.192 1843.628 1844.066 1844.505 1844.943 1845.382 1845.823 1846.264 1846.705 1847.149 1847.593 1848.036 1848.482 1848.928 1849.374 1849.821 1850.270 1850.719 1851.168 1851.617 1852.067 1852.516 1852.965 1853.413 1853.862 1854.309 1854.756 1855.203 1855.650 1856.095 1856.541 1856.987 1857.430 1857.872 1858.314 1858.752 1859.183 1859.614 1860.043 1860.459 1860.875 1861.292 1861.697 1862.098 1862.500 1862.895 1863.283 1863.670 1864.055 1864.429 1864.802
1838.145 1838.573 1839.001 1839.429 1839.859 1840.290 1840.721 1841.153 1841.586 1842.019 1842.452 1842.888 1843.324 1843.760 1844.197 1844.636 1845.074 1845.514 1845.955 1846.395 1846.836 1847.280 1847.724 1848.167 1848.613 1849.059 1849.505 1849.952 1850.401 1850.849 1851.298 1851.748 1852.197 1852.647 1853.096 1853.544 1853.992 1854.440 1854.887 1855.334 1855.780 1856.226 1856.672 1857.117 1857.560 1858.002 1858.445 1858.882 1859.314 1859.745 1860.174 1860.591 1861.007 1861.423 1861.828 1862.230 1862.632 1863.027 1863.414 1863.802 1864.187 1864.560 1864.933
1838.276 1838.705 1839.133 1839.561 1839.991 1840.421 1840.852 1841.284 1841.717 1842.150 1842.583 1843.019 1843.455 1843.891 1844.328 1844.767 1845.205 1845.644 1846.085 1846.526 1846.967 1847.410 1847.854 1848.297 1848.743 1849.189 1849.635 1850.082 1850.530 1850.979 1851.428 1851.877 1852.327 1852.777 1853.225 1853.674 1854.122 1854.570 1855.017 1855.464 1855.910 1856.356 1856.801 1857.247 1857.690 1858.132 1858.575 1859.012 1859.444 1859.875 1860.305 1860.722 1861.138 1861.554 1861.960 1862.362 1862.763 1863.159 1863.546 1863.933 1864.318 1864.691 1865.064
1838.408 1838.836 1839.264 1839.692 1840.122 1840.552 1840.983 1841.415 1841.848 1842.281 1842.714 1843.150 1843.586 1844.021 1844.459 1844.897 1845.335 1845.774 1846.215 1846.656 1847.097 1847.540 1847.984 1848.427 1848.873 1849.319 1849.765 1850.212 1850.660 1851.109 1851.557 1852.007 1852.457 1852.906 1853.355 1853.803 1854.252 1854.700 1855.146 1855.593 1856.040 1856.486 1856.931 1857.377 1857.820 1858.262 1858.705 1859.142 1859.574 1860.006 1860.436 1860.853 1861.269 1861.685 1862.091 1862.493 1862.895 1863.290 1863.677 1864.064 1864.450 1864.822 1865.195
1838.539 1838.967 1839.395 1839.823 1840.253 1840.684 1841.114 1841.546 1841.979 1842.412 1842.845 1843.281 1843.716 1844.152 1844.589 1845.027 1845.466 1845.905 1846.345 1846.786 1847.227 1847.671 1848.114 1848.557 1849.002 1849.448 1849.894 1850.341 1850.790 1851.238 1851.687 1852.137 1852.586 1853.036 1853.485 1853.933 1854.381 1854.829 1855.276 1855.723 1856.170 1856.615 1857.061 1857.506 1857.949 1858.392 1858.834 1859.272 1859.704 1860.136 1860.566 1860.983 1861.400 1861.817 1862.222 1862.624 1863.026 1863.421 1863.808 1864.195 1864.581 1864.954 1865.326
1838.670 1839.098 1839.526 1839.954 1840.384 1840.814 1841.245 1841.676 1842.109 1842.542 1842.975 1843.411 1843.846 1844.282 1844.719 1845.157 1845.595 1846.035 1846.475 1846.916 1847.357 1847.800 1848.243 1848.687 1849.132 1849.578 1850.024 1850.471 1850.919 1851.368 1851.816 1852.266 1852.715 1853.165 1853.614 1854.062 1854.511 1854.958 1855.405 1855.852 1856.299 1856.744 1857.190 1857.635 1858.079 1858.521 1858.964 1859.402 1859.834 1860.266 1860.697 1861.114 1861.530 1861.947 1862.352 1862.754 1863.156 1863.552 1863.939 1864.326 1864.712 1865.084 1865.457
1838.800 1839.228 1839.656 1840.084 1840.514 1840.944 1841.375 1841.806 1842.239 1842.672 1843.105 1843.541 1843.976 1844.412 1844.849 1845.287 1845.725 1846.164 1846.605 1847.045 1847.486 1847.929 1848.372 1848.816 1849.261 1849.707 1850.152 1850.599 1851.048 1851.496 1851.945 1852.394 1852.844 1853.294 1853.742 1854.191 1854.639 1855.087 1855.534 1855.981 1856.428 1856.873 1857.319 1857.764 1858.207 1858.650 1859.093 1859.531 1859.964 1860.396 1860.826 1861.244 1861.661 1862.077 1862.483 1862.885 1863.287 1863.682 1864.070 1864.457 1864.842 1865.215 1865.588
1838.931 1839.359 1839.787 1840.214 1840.644 1841.074 1841.505 1841.936 1842.369 1842.802 1843.235 1843.670 1844.106 1844.541 1844.978 1845.416 1845.854 1846.293 1846.734 1847.175 1847.615 1848.058 1848.501 1848.945 1849.390 1849.836 1850.281 1850.728 1851.177 1851.625 1852.073 1852.523 1852.973 1853.422 1853.871 1854.320 1854.768 1855.216 1855.663 1856.110 1856.557 1857.002 1857.448 1857.893 1858.336 1858.779 1859.222 1859.660 1860.093 1860.525 1860.956 1861.373 1861.791 1862.208 1862.613 1863.015 1863.417 1863.813 1864.200 1864.588 1864.973 1865.346 1865.718
1839.061 1839.489 1839.917 1840.345 1840.774 1841.204 1841.635 1842.066 1842.499 1842.931 1843.364 1843.800 1844.235 1844.671 1845.108 1845.546 1845.984 1846.423 1846.863 1847.304 1847.744 1848.187 1848.630 1849.074 1849.518 1849.964 1850.410 1850.857 1851.305 1851.753 1852.202 1852.651 1853.101 1853.551 1854.000 1854.448 1854.897 1855.345 1855.792 1856.238 1856.685 1857.131 1857.576 1858.022 1858.465 1858.908 1859.351 1859.789 1860.222 1860.654 1861.086 1861.503 1861.920 1862.338 1862.743 1863.146 1863.548 1863.943 1864.331 1864.718 1865.103 1865.476 1865.849
1839.191 1839.618 1840.046 1840.474 1840.903 1841.334 1841.764 1842.195 1842.628 1843.060 1843.493 1843.928 1844.364 1844.799 1845.236 1845.674 1846.112 1846.551 1846.992 1847.432 1847.873 1848.316 1848.759 1849.202 1849.647 1850.092 1850.538 1850.985 1851.433 1851.881 1852.330 1852.779 1853.229 1853.679 1854.127 1854.576 1855.025 1855.473 1855.920 1856.366 1856.813 1857.259 1857.704 1858.150 1858.593 1859.036 1859.479 1859.917 1860.350 1860.783 1861.215 1861.632 1862.049 1862.467 1862.873 1863.276 1863.678 1864.073 1864.461 1864.848 1865.234 1865.606 1865.979
1839.320 1839.748 1840.175 1840.603 1841.033 1841.463 1841.893 1842.324 1842.757 1843.189 1843.622 1844.057 1844.493 1844.928 1845.365 1845.803 1846.241 1846.680 1847.120 1847.560 1848.001 1848.444 1848.887 1849.330 1849.775 1850.220 1850.666 1851.113 1851.561 1852.009 1852.457 1852.907 1853.357 1853.806 1854.255 1854.704 1855.153 1855.601 1856.048 1856.495 1856.941 1857.387 1857.832 1858.278 1858.721 1859.164 1859.607 1860.046 1860.478 1860.912 1861.344 1861.761 1862.179 1862.597 1863.003 1863.405 1863.808 1864.203 1864.591 1864.978 1865.364 1865.736 1866.109
1839.449 1839.877 1840.305 1840.732 1841.162 1841.592 1842.022 1842.453 1842.886 1843.318 1843.751 1844.186 1844.621 1845.057 1845.494 1845.931 1846.369 1846.808 1847.248 1847.689 1848.129 1848.572 1849.015 1849.458 1849.903 1850.348 1850.794 1851.240 1851.689 1852.137 1852.585 1853.035 1853.484 1853.934 1854.383 1854.832 1855.281 1855.729 1856.176 1856.623 1857.069 1857.515 1857.960 1858.406 1858.849 1859.292 1859.735 1860.174 1860.607 1861.041 1861.473 1861.891 1862.308 1862.726 1863.132 1863.535 1863.938 1864.333 1864.721 1865.108 1865.494 1865.866 1866.239
1839.578 1840.005 1840.433 1840.861 1841.290 1841.720 1842.150 1842.581 1843.014 1843.446 1843.879 1844.314 1844.749 1845.185 1845.621 1846.059 1846.497 1846.936 1847.376 1847.816 1848.257 1848.699 1849.142 1849.585 1850.030 1850.475 1850.921 1851.368 1851.816 1852.264 1852.712 1853.162 1853.611 1854.061 1854.510 1854.959 1855.408 1855.856 1856.303 1856.750 1857.197 1857.642 1858.087 1858.533 1858.977 1859.420 1859.863 1860.302 1860.735 1861.169 1861.601 1862.019 1862.437 1862.855 1863.261 1863.664 1864.067 1864.463 1864.850 1865.238 1865.623 1865.996 1866.368
1839.706 1840.134 1840.561 1840.989 1841.418 1841.848 1842.278 1842.709 1843.142 1843.574 1844.007 1844.442 1844.877 1845.312 1845.749 1846.187 1846.625 1847.063 1847.503 1847.943 1848.384 1848.827 1849.270 1849.712 1850.157 1850.603 1851.048 1851.495 1851.943 1852.391 1852.839 1853.288 1853.738 1854.188 1854.637 1855.086 1855.535 1855.983 1856.430 1856.877 1857.324 1857.769 1858.215 1858.660 1859.104 1859.547 1859.990 1860.429 1860.863 1861.297 1861.729 1862.147 1862.565 1862.984 1863.390 1863.793 1864.196 1864.592 1864.980 1865.367 1865.753 1866.125 1866.498
1839.835 1840.262 1840.690 1841.117 1841.546 1841.976 1842.406 1842.837 1843.270 1843.702 1844.135 1844.570 1845.005 1845.440 1845.877 1846.314 1846.752 1847.191 1847.631 1848.071 1848.511 1848.954 1849.397 1849.840 1850.284 1850.730 1851.175 1851.622 1852.070 1852.518 1852.966 1853.415 1853.865 1854.315 1854.764 1855.213 1855.662 1856.110 1856.557 1857.004 1857.451 1857.896 1858.342 1858.787 1859.231 1859.674 1860.118 1860.557 1860.991 1861.425 1861.857 1862.276 1862.694 1863.113 1863.519 1863.922 1864.325 1864.722 1865.109 1865.497 1865.882 1866.255 1866.627
1839.963 1840.390 1840.818 1841.245 1841.674 1842.104 1842.534 1842.965 1843.397 1843.830 1844.262 1844.697 1845.132 1845.567 1846.004 1846.442 1846.879 1847.318 1847.758 1848.198 1848.638 1849.081 1849.524 1849.966 1850.411 1850.856 1851.302 1851.748 1852.196 1852.644 1853.092 1853.542 1853.991 1854.441 1854.890 1855.339 1855.788 1856.237 1856.684 1857.131 1857.578 1858.023 1858.468 1858.914 1859.358 1859.801 1860.244 1860.684 1861.119 1861.553 1861.985 1862.404 1862.823 1863.241 1863.648 1864.051 1864.454 1864.850 1865.238 1865.626 1866.012 1866.384 1866.757
1840.090 1840.518 1840.945 1841.372 1841.801 1842.231 1842.661 1843.092 1843.524 1843.957 1844.389 1844.824 1845.259 1845.694 1846.131 1846.568 1847.006 1847.444 1847.884 1848.325 1848.765 1849.207 1849.650 1850.093 1850.537 1850.983 1851.428 1851.874 1852.322 1852.770 1853.218 1853.668 1854.117 1854.567 1855.016 1855.465 1855.914 1856.363 1856.810 1857.257 1857.704 1858.149 1858.595 1859.040 1859.484 1859.927 1860.371 1860.811 1861.246 1861.680 1862.113 1862.532 1862.951 1863.370 1863.776 1864.179 1864.583 1864.979 1865.367 1865.755 1866.141 1866.513 1866.886
1840.218 1840.645 1841.072 1841.499 1841.928 1842.358 1842.788 1843.219 1843.651 1844.084 1844.516 1844.951 1845.386 1845.821 1846.258 1846.695 1847.132 1847.571 1848.011 1848.451 1848.891 1849.334 1849.776 1850.219 1850.664 1851.109 1851.554 1852.000 1852.448 1852.896 1853.344 1853.794 1854.243 1854.693 1855.142 1855.591 1856.041 1856.489 1856.936 1857.383 1857.830 1858.276 1858.721 1859.167 1859.611 1860.054 1860.498 1860.937 1861.372 1861.807 1862.240 1862.660 1863.079 1863.498 1863.905 1864.308 1864.711 1865.108 1865.496 1865.884 1866.270 1866.642 1867.015
1840.345 1840.772 1841.199 1841.627 1842.055 1842.485 1842.915 1843.346 1843.778 1844.210 1844.643 1845.078 1845.513 1845.947 1846.384 1846.821 1847.259 1847.697 1848.137 1848.577 1849.017 1849.460 1849.902 1850.345 1850.789 1851.235 1851.680 1852.126 1852.574 1853.022 1853.470 1853.919 1854.369 1854.819 1855.268 1855.717 1856.167 1856.615 1857.062 1857.509 1857.956 1858.402 1858.847 1859.293 1859.737 1860.180 1860.624 1861.064 1861.499 1861.934 1862.367 1862.787 1863.206 1863.626 1864.033 1864.437 1864.840 1865.237 1865.624 1866.012 1866.398 1866.771 1867.143
