in/Manuel_example/GIS_files/A01_001_U_F.asc
ncols    605
nrows    205
xllcorner    488220
yllcorner    4065460
cellsize    15
NODATA_value    -9999
[rows 58 to 86 of 205, columns 335 to 401 of 605]
377.310 378.975 380.095 381.723 385.632 389.542 393.373 394.448 396.760 399.072 399.868 400.584 401.698 402.524 402.185 401.846 400.666 400.458 397.430 394.401 388.819 381.085 373.351 366.450 360.871 355.292 349.266 341.416 333.905 326.394 318.627 311.145 303.786 298.439 299.765 301.091 302.625 306.797 311.239 315.849 319.803 324.372 329.248 334.870 342.752 350.633 357.344 362.644 367.847 373.049 376.228 378.015 379.852 382.673 382.671 382.065 381.459 376.187 371.180 366.172 360.771 356.412 352.288 348.449 345.338 342.226 339.113
377.005 380.273 381.944 383.572 387.481 391.312 395.095 395.996 396.573 398.885 399.681 399.112 399.822 400.648 400.309 399.124 397.457 397.622 397.698 394.670 389.087 381.353 374.095 367.206 361.626 355.598 349.331 341.403 333.340 325.829 318.062 310.094 302.609 297.262 298.588 300.123 301.760 305.932 310.544 315.480 319.435 322.665 327.229 332.851 340.732 347.437 353.605 358.910 364.136 369.339 372.518 374.361 377.978 380.798 381.405 381.407 380.801 375.406 369.809 364.801 359.401 353.748 349.383 345.544 342.433 339.320 336.206
376.699 379.967 383.235 385.421 389.251 393.034 396.816 397.718 398.128 398.698 399.494 398.925 398.356 398.772 397.583 395.915 394.248 394.413 394.851 394.938 389.356 382.099 374.850 367.961 361.930 355.663 349.396 341.468 333.329 325.264 317.497 309.529 301.561 296.085 297.621 299.258 300.896 305.239 310.175 315.112 319.066 322.297 325.528 330.831 337.531 343.699 349.867 355.172 360.402 365.628 368.870 372.486 376.103 378.923 379.530 380.137 380.143 374.748 369.030 363.431 358.030 352.377 346.724 342.639 339.526 336.412 333.298
377.079 380.347 383.615 386.950 390.533 394.315 398.098 398.999 399.409 399.818 399.460 398.891 398.322 396.547 394.778 393.111 391.443 391.609 392.046 392.484 390.206 382.958 375.709 368.547 362.148 355.881 349.614 341.686 333.548 325.407 317.129 309.160 301.192 295.448 297.085 298.723 300.166 304.697 309.633 314.570 318.524 321.755 324.985 328.624 334.792 340.960 346.998 351.719 356.950 362.180 366.047 369.664 373.281 376.101 376.707 377.314 378.460 373.231 367.513 361.869 356.725 351.072 345.419 340.134 336.902 333.788 330.674
378.318 381.586 385.012 388.441 391.463 395.043 398.826 399.727 400.137 399.994 399.620 399.051 397.163 394.661 392.583 390.813 389.146 389.311 389.749 390.127 388.175 383.945 376.697 369.535 362.693 356.292 350.025 342.097 333.955 325.393 317.102 309.037 301.069 295.325 296.963 298.404 299.484 303.979 308.873 313.809 317.763 320.994 323.723 327.142 333.309 339.346 345.158 349.286 353.857 359.087 362.819 365.652 369.268 372.088 372.695 373.846 375.866 370.637 364.997 360.647 355.503 349.850 343.965 338.593 334.753 331.518 328.404
379.557 382.984 386.503 389.932 392.954 395.976 399.554 400.455 400.310 400.153 399.779 397.885 395.277 392.774 390.697 388.620 386.849 387.014 387.392 387.770 385.818 381.904 377.685 370.523 363.681 356.838 350.436 342.503 333.941 325.379 317.089 309.012 300.946 295.202 296.642 297.722 298.802 303.297 308.155 313.048 317.003 319.730 322.241 325.659 331.694 337.506 343.318 347.445 351.427 355.994 359.726 362.426 365.256 368.076 369.232 371.252 373.272 368.125 363.775 359.424 354.281 348.394 342.423 337.051 333.211 329.372 326.134
380.508 384.027 387.546 390.975 393.997 397.019 400.041 400.128 399.970 399.813 398.486 395.878 393.270 390.768 388.690 386.613 384.536 384.595 384.973 385.350 383.398 379.484 375.570 371.064 364.221 357.379 350.546 342.328 333.766 325.204 316.913 308.836 300.759 294.818 295.899 296.979 298.059 302.554 307.412 312.270 315.959 318.470 320.980 324.370 330.182 335.994 341.805 345.933 349.915 353.897 357.218 359.919 362.619 364.893 366.913 368.933 370.953 366.892 362.542 358.191 352.972 347.001 341.029 335.657 331.817 327.978 324.218
378.473 381.972 385.492 388.920 391.942 394.964 396.105 396.288 396.181 396.024 395.075 393.040 390.432 387.929 385.852 383.775 382.112 381.857 382.125 382.502 380.550 376.636 372.824 368.513 361.670 354.839 348.636 340.887 332.475 323.913 315.622 307.545 299.628 293.937 294.731 295.811 296.891 301.386 306.244 310.485 314.953 318.748 321.258 324.706 330.936 336.748 342.559 346.687 350.669 355.214 358.755 361.455 363.657 365.068 366.500 368.520 370.540 365.756 361.233 356.882 352.113 346.628 340.657 335.285 331.445 327.688 324.847
376.452 379.938 383.437 386.866 389.888 391.023 392.134 392.317 392.341 392.234 391.286 389.626 387.594 385.091 383.016 381.352 379.689 379.434 379.388 379.654 377.702 373.891 370.273 365.962 359.133 352.929 346.726 338.977 331.032 322.622 314.331 306.415 298.781 293.090 293.851 294.643 295.724 300.218 304.456 308.439 312.908 317.735 321.536 324.984 331.270 337.501 343.313 347.441 351.989 356.750 360.291 362.489 363.926 365.337 366.678 368.107 370.128 365.343 360.099 355.573 350.804 345.766 340.284 334.912 331.159 328.317 325.475
374.430 377.916 381.403 384.812 385.940 387.051 388.162 388.345 388.369 388.394 387.497 385.837 384.177 382.256 380.593 378.929 377.266 377.011 376.965 376.919 374.958 371.340 367.722 363.426 357.223 351.020 344.816 337.067 329.122 321.177 313.203 305.568 297.933 292.242 293.003 293.764 294.556 298.427 302.411 306.394 310.863 315.690 320.516 325.262 331.548 337.834 344.067 348.763 353.525 358.287 361.320 362.757 364.194 365.606 366.946 368.287 369.715 364.930 359.686 354.443 349.495 344.457 339.419 334.630 331.788 328.946 326.104
371.299 374.785 378.272 382.327 382.016 383.127 384.238 383.963 383.988 384.012 383.150 381.490 379.848 379.573 377.910 376.247 375.226 375.093 375.047 374.836 371.465 367.265 363.647 359.473 353.270 347.067 340.394 332.570 324.625 317.276 311.024 303.756 296.121 291.094 293.517 294.278 295.039 298.384 302.368 306.351 310.820 315.647 320.390 324.538 330.824 337.110 344.020 349.700 354.461 359.223 362.209 363.717 365.154 366.112 366.515 367.856 369.197 364.369 359.125 354.209 349.394 344.356 339.326 334.930 332.025 329.183 326.341
367.906 371.393 376.612 380.678 379.532 379.214 380.325 380.027 379.510 379.534 378.672 377.036 377.105 376.830 375.166 374.149 373.427 373.294 373.082 372.571 369.200 363.420 359.213 355.039 348.836 342.161 335.287 327.463 320.119 313.781 307.529 301.345 294.082 289.054 292.679 295.112 295.873 299.181 302.796 306.780 311.249 315.988 319.430 323.578 329.864 336.777 343.916 349.692 355.257 360.018 363.004 364.767 366.277 367.235 366.863 367.260 368.601 363.773 358.859 354.392 349.577 344.547 339.589 335.193 332.233 329.328 326.486
364.514 369.739 374.963 379.029 377.883 376.737 376.412 376.114 375.575 375.056 374.224 374.292 374.361 374.086 373.072 372.350 371.629 371.327 370.817 370.306 366.935 361.155 355.375 350.605 343.929 337.054 330.180 322.963 316.624 310.286 304.034 297.850 291.667 287.015 290.640 294.265 296.707 300.015 303.595 307.209 311.586 315.028 318.470 322.618 329.534 336.672 343.811 349.587 355.246 360.813 363.799 365.562 367.326 368.358 367.985 367.613 368.005 363.509 359.042 354.575 349.768 344.810 339.853 335.457 332.497 329.537 326.631
361.608 366.833 372.057 377.334 376.592 375.446 374.301 373.673 373.135 372.554 371.270 371.338 371.407 371.684 371.506 370.784 370.063 369.201 368.690 368.179 364.808 359.028 353.248 346.997 339.612 332.738 325.863 319.465 313.126 306.829 300.916 294.733 288.549 285.762 289.087 292.713 296.338 300.714 304.293 307.873 311.373 314.815 318.258 322.684 329.822 336.961 343.719 348.758 354.417 360.075 363.426 365.190 366.953 367.013 366.833 366.460 366.088 361.879 357.412 353.257 349.679 344.721 339.764 334.929 331.834 328.874 325.914
357.406 362.630 369.196 375.112 375.262 374.525 373.379 372.752 372.165 369.565 368.274 368.167 368.236 368.513 369.631 369.459 368.738 367.628 366.706 366.196 362.825 357.045 351.493 345.335 336.627 329.236 322.362 315.963 309.668 304.100 298.187 292.004 287.871 285.858 288.340 291.661 295.286 300.320 304.851 308.431 311.931 315.374 318.917 323.378 330.517 337.272 343.493 347.958 352.840 358.498 361.849 363.613 363.277 362.671 363.139 362.962 362.589 358.381 354.236 352.804 349.225 344.268 338.902 333.949 330.353 327.255 324.295
353.203 359.775 366.974 372.891 373.041 373.191 372.458 371.776 369.175 366.575 365.284 365.172 365.065 365.342 366.460 367.579 367.412 366.303 365.136 364.212 360.841 355.290 349.831 343.674 334.966 326.258 318.860 312.507 306.939 301.371 295.458 291.335 287.967 285.953 288.435 290.917 294.235 299.269 304.452 308.989 312.490 316.033 319.611 324.072 330.825 337.045 343.266 347.731 352.044 356.922 360.273 359.928 358.935 358.328 358.796 359.265 359.090 355.214 353.782 352.351 348.772 343.404 337.922 332.969 329.373 325.776 322.677
350.046 357.245 364.444 370.361 370.511 370.661 370.879 368.659 366.059 363.458 362.167 362.056 361.944 362.158 363.277 364.395 365.513 364.642 363.474 362.307 359.493 354.034 348.575 342.417 333.709 325.001 316.394 310.653 305.085 299.517 294.412 291.044 287.676 286.037 288.519 291.001 293.483 298.154 303.337 308.521 312.780 316.358 319.936 323.904 330.125 336.345 342.619 347.194 351.507 355.819 356.989 355.996 355.003 354.059 354.527 354.995 355.182 353.924 352.493 351.061 347.163 341.680 336.198 331.942 328.345 324.749 321.152
345.451 353.263 360.462 366.378 366.528 366.754 369.185 365.600 362.346 359.746 358.455 358.343 357.433 356.382 360.033 361.152 362.270 361.398 360.231 361.531 359.849 354.686 349.227 343.069 334.361 325.759 318.656 312.915 307.347 298.559 292.300 288.932 285.493 283.882 288.548 291.029 293.511 297.135 301.923 307.106 311.365 314.943 317.877 320.977 327.197 333.473 340.249 345.099 349.508 353.821 354.990 353.997 352.152 350.132 350.600 350.778 348.744 348.406 347.267 345.836 341.937 336.455 332.679 330.463 327.094 323.498 319.901
340.551 348.665 356.479 362.396 362.629 365.060 367.491 363.906 359.294 356.033 354.743 353.825 351.597 350.547 354.248 357.909 359.027 358.155 359.466 361.717 360.035 355.041 349.879 343.721 335.125 328.021 320.918 315.177 306.375 296.447 290.188 286.749 283.209 281.598 286.384 291.058 293.540 297.163 300.909 305.692 309.951 312.879 314.950 318.049 324.327 331.103 337.880 342.729 347.412 351.822 352.992 351.140 348.224 346.204 346.375 344.340 342.306 341.969 341.746 340.611 336.712 332.948 331.174 328.958 325.615 322.247 318.650
335.650 343.764 351.878 358.503 360.935 363.366 365.797 362.212 357.600 352.988 350.218 347.990 345.762 344.711 348.413 352.115 355.784 357.401 359.652 361.903 360.221 355.226 350.232 344.490 337.387 330.283 323.180 314.191 304.263 294.334 288.004 284.464 280.925 279.313 284.100 288.887 293.568 297.192 300.937 304.682 307.882 309.952 312.022 315.181 321.957 328.733 335.510 340.360 345.043 349.726 350.128 347.213 344.297 341.971 339.937 337.903 335.869 335.531 335.308 335.085 333.217 331.443 329.668 327.453 324.110 320.767 317.399
333.010 340.569 348.683 355.763 358.194 360.625 363.454 360.051 355.440 350.827 347.470 345.242 342.894 340.217 343.919 347.621 351.596 356.906 359.157 361.408 359.726 354.731 349.885 346.234 339.924 332.821 325.718 316.108 306.180 296.353 287.725 282.902 279.363 277.751 282.538 287.325 289.917 293.486 297.231 301.633 305.694 308.083 310.153 313.241 319.649 326.426 333.202 338.052 342.735 347.692 348.177 345.287 342.372 339.690 337.656 335.621 332.093 331.637 331.414 330.761 330.092 328.672 326.898 324.682 321.339 317.996 315.426
331.682 338.215 345.769 352.849 355.280 358.111 361.099 357.696 353.201 348.590 345.233 342.878 338.621 335.944 339.646 343.622 347.697 353.040 358.550 360.800 359.118 354.278 351.236 347.585 341.711 335.405 328.302 318.692 308.866 299.180 290.551 282.756 277.920 276.308 281.095 283.678 285.594 289.163 293.570 298.818 302.879 306.066 308.458 311.547 317.722 324.128 330.904 335.754 340.713 346.001 346.486 343.667 340.778 338.095 336.061 332.527 328.620 328.164 327.508 326.369 325.701 325.333 323.918 321.703 318.359 315.792 313.398
330.354 336.887 343.420 349.935 352.768 355.756 358.744 355.341 350.846 346.351 342.862 338.605 334.348 331.671 335.648 339.723 343.799 349.141 354.672 360.193 358.671 355.630 352.588 348.937 343.062 337.187 330.885 321.379 311.692 302.006 293.377 285.583 277.788 274.865 277.438 279.355 281.271 285.506 290.755 296.003 300.064 303.251 306.438 309.852 316.027 322.203 328.607 333.735 339.022 344.310 344.795 341.976 339.157 336.501 332.961 329.053 325.146 324.254 323.116 321.978 321.309 320.942 320.575 318.723 316.159 313.764 311.370
329.179 335.712 342.245 346.205 349.100 352.088 355.076 351.672 347.178 342.851 339.518 335.257 331.000 328.397 332.472 336.547 340.134 345.324 350.855 356.411 357.420 354.378 351.336 348.957 343.082 337.207 331.475 322.763 313.077 303.390 294.762 286.967 279.172 273.348 275.226 277.142 279.059 283.986 289.234 294.249 297.804 300.991 304.178 308.106 314.282 320.457 326.614 331.969 337.256 342.470 342.733 339.914 337.095 334.240 330.353 326.446 322.539 321.225 320.087 318.871 317.490 317.122 316.755 315.818 313.424 311.030 309.254
328.133 334.666 338.677 341.683 344.412 347.305 350.293 346.890 342.571 340.506 337.173 332.698 328.437 325.834 329.909 333.492 336.386 341.576 347.133 352.952 353.961 350.919 349.660 347.848 341.973 336.242 330.700 322.309 313.238 303.552 294.923 287.128 278.975 273.047 274.842 276.720 278.637 283.564 288.573 291.856 295.431 299.202 302.389 306.318 312.493 318.649 324.784 330.139 335.351 340.093 340.356 337.537 335.066 332.294 328.459 324.573 320.665 319.352 318.134 316.483 315.039 313.788 313.421 312.484 310.090 308.318 307.170
327.087 331.087 334.155 337.161 339.890 342.619 345.511 342.292 340.226 338.161 334.828 330.353 325.879 323.270 326.850 329.744 332.638 337.855 343.674 349.493 350.501 349.250 348.551 346.739 341.009 335.467 329.926 321.535 312.781 303.713 295.085 286.930 278.675 272.747 274.542 276.337 278.215 282.896 286.180 289.463 293.038 296.827 300.601 304.529 310.685 316.820 322.955 328.232 332.974 337.716 337.978 335.509 333.119 330.347 326.513 322.679 318.792 317.398 315.746 314.095 312.651 311.341 310.087 309.149 307.382 306.234 305.085
323.992 327.060 330.129 333.135 335.864 338.592 341.101 339.654 337.588 335.523 332.190 327.715 323.240 320.153 322.962 325.856 328.750 333.681 339.500 345.319 347.599 346.900 346.201 345.525 340.004 334.462 328.920 320.529 311.776 303.022 294.772 286.516 278.261 272.333 274.128 275.923 277.743 280.787 284.070 287.354 290.965 294.754 298.543 302.914 309.049 315.184 321.329 326.188 330.930 335.672 335.799 333.410 331.020 328.248 324.414 320.580 316.811 315.053 313.402 311.750 310.306 308.996 307.686 306.103 304.955 303.807 302.659
322.426 324.751 327.819 330.826 333.555 336.054 335.995 335.459 333.934 331.869 328.536 324.061 320.678 319.068 318.685 321.482 324.377 327.841 332.849 338.668 340.949 340.250 340.764 341.622 338.170 332.656 327.114 318.723 309.969 301.403 293.458 285.711 277.455 271.527 273.322 275.143 277.133 279.827 282.943 286.227 289.894 293.788 297.577 301.948 308.083 314.229 320.440 325.299 330.041 333.871 333.566 330.781 328.392 325.620 321.785 318.018 314.592 312.853 311.209 309.557 308.114 306.803 305.286 303.445 301.341 300.193 299.045
321.155 323.189 325.510 328.517 331.008 330.948 330.889 330.352 329.735 328.215 324.882 321.507 319.593 317.982 317.599 317.216 320.003 323.468 327.017 332.018 334.298 334.821 336.860 337.719 334.267 330.816 325.307 316.917 308.350 299.834 291.889 284.394 276.649 270.721 272.543 274.533 276.523 279.216 281.985 285.100 288.767 292.716 296.611 300.982 307.128 313.339 319.550 324.409 328.236 331.866 331.561 328.550 325.763 322.991 319.226 315.799 312.372 310.633 309.008 307.365 305.921 304.402 302.685 300.844 298.686 296.579 295.431
