in/Manuel_example/GIS_files/A01_001_C_G.asc
ncols    605
nrows    205
xllcorner    488220
yllcorner    4065460
cellsize    15
NODATA_value    -9999
[rows 28 to 55 of 205, columns 126 to 188 of 605]
1770.558 1770.625 1770.691 1770.759 1770.828 1770.896 1770.965 1771.035 1771.105 1771.175 1771.247 1771.319 1771.391 1771.464 1771.537 1771.611 1771.685 1771.760 1771.836 1771.911 1771.988 1772.065 1772.142 1772.220 1772.299 1772.378 1772.458 1772.538 1772.618 1772.699 1772.781 1772.864 1772.946 1773.030 1773.114 1773.198 1773.283 1773.369 1773.455 1773.541 1773.628 1773.716 1773.804 1773.893 1773.983 1774.072 1774.162 1774.254 1774.345 1774.437 1774.530 1774.623 1774.716 1774.811 1774.906 1775.001 1775.097 1775.194 1775.290 1775.388 1775.486 1775.585 1775.683
1770.555 1770.621 1770.688 1770.756 1770.824 1770.893 1770.962 1771.032 1771.102 1771.172 1771.244 1771.316 1771.387 1771.461 1771.534 1771.608 1771.682 1771.757 1771.833 1771.908 1771.985 1772.062 1772.139 1772.217 1772.296 1772.375 1772.455 1772.535 1772.616 1772.697 1772.779 1772.861 1772.944 1773.027 1773.111 1773.196 1773.281 1773.367 1773.453 1773.539 1773.626 1773.714 1773.802 1773.892 1773.981 1774.071 1774.161 1774.252 1774.344 1774.436 1774.529 1774.622 1774.715 1774.810 1774.905 1775.000 1775.096 1775.193 1775.290 1775.387 1775.486 1775.585 1775.683
1770.551 1770.618 1770.685 1770.753 1770.821 1770.889 1770.958 1771.028 1771.098 1771.169 1771.241 1771.312 1771.384 1771.457 1771.531 1771.604 1771.679 1771.754 1771.830 1771.905 1771.982 1772.059 1772.136 1772.215 1772.293 1772.372 1772.452 1772.533 1772.613 1772.694 1772.776 1772.859 1772.941 1773.025 1773.109 1773.193 1773.279 1773.365 1773.451 1773.537 1773.625 1773.712 1773.800 1773.890 1773.979 1774.069 1774.160 1774.251 1774.342 1774.434 1774.528 1774.621 1774.714 1774.809 1774.904 1774.999 1775.096 1775.193 1775.290 1775.387 1775.486 1775.585 1775.683
1770.548 1770.614 1770.681 1770.749 1770.817 1770.886 1770.955 1771.025 1771.095 1771.165 1771.237 1771.309 1771.381 1771.454 1771.528 1771.601 1771.676 1771.751 1771.826 1771.902 1771.979 1772.056 1772.133 1772.212 1772.291 1772.369 1772.449 1772.530 1772.611 1772.692 1772.774 1772.856 1772.939 1773.023 1773.107 1773.191 1773.276 1773.363 1773.449 1773.535 1773.623 1773.711 1773.799 1773.888 1773.978 1774.067 1774.158 1774.250 1774.341 1774.433 1774.526 1774.620 1774.713 1774.808 1774.904 1774.999 1775.095 1775.192 1775.289 1775.387 1775.486 1775.584 1775.683
1770.544 1770.611 1770.677 1770.745 1770.814 1770.882 1770.951 1771.021 1771.091 1771.162 1771.234 1771.306 1771.377 1771.451 1771.524 1771.598 1771.672 1771.748 1771.823 1771.899 1771.976 1772.053 1772.130 1772.209 1772.288 1772.366 1772.446 1772.527 1772.608 1772.689 1772.771 1772.854 1772.936 1773.020 1773.105 1773.189 1773.274 1773.360 1773.446 1773.533 1773.621 1773.709 1773.797 1773.886 1773.976 1774.066 1774.157 1774.248 1774.340 1774.432 1774.525 1774.618 1774.712 1774.807 1774.903 1774.998 1775.094 1775.191 1775.288 1775.386 1775.485 1775.584 1775.683
1770.541 1770.607 1770.674 1770.742 1770.810 1770.879 1770.948 1771.018 1771.088 1771.158 1771.230 1771.302 1771.374 1771.447 1771.521 1771.595 1771.669 1771.744 1771.820 1771.896 1771.973 1772.050 1772.127 1772.206 1772.285 1772.364 1772.443 1772.524 1772.605 1772.686 1772.768 1772.851 1772.934 1773.018 1773.102 1773.186 1773.272 1773.358 1773.444 1773.531 1773.619 1773.707 1773.795 1773.884 1773.974 1774.064 1774.155 1774.247 1774.338 1774.430 1774.524 1774.617 1774.711 1774.806 1774.902 1774.997 1775.093 1775.190 1775.288 1775.386 1775.484 1775.584 1775.683
1770.537 1770.604 1770.670 1770.738 1770.807 1770.875 1770.944 1771.014 1771.084 1771.155 1771.227 1771.299 1771.370 1771.444 1771.518 1771.591 1771.666 1771.741 1771.817 1771.892 1771.970 1772.047 1772.124 1772.203 1772.282 1772.361 1772.441 1772.521 1772.602 1772.683 1772.766 1772.848 1772.931 1773.015 1773.100 1773.184 1773.269 1773.356 1773.442 1773.528 1773.617 1773.705 1773.793 1773.882 1773.972 1774.062 1774.153 1774.245 1774.337 1774.429 1774.522 1774.616 1774.710 1774.805 1774.900 1774.996 1775.093 1775.190 1775.287 1775.385 1775.484 1775.583 1775.683
1770.533 1770.600 1770.666 1770.734 1770.803 1770.871 1770.940 1771.010 1771.081 1771.151 1771.223 1771.295 1771.367 1771.440 1771.514 1771.588 1771.662 1771.738 1771.813 1771.889 1771.966 1772.043 1772.121 1772.199 1772.278 1772.357 1772.437 1772.518 1772.599 1772.680 1772.763 1772.846 1772.928 1773.012 1773.097 1773.181 1773.267 1773.353 1773.439 1773.526 1773.614 1773.702 1773.790 1773.880 1773.970 1774.060 1774.151 1774.243 1774.335 1774.427 1774.521 1774.615 1774.708 1774.803 1774.899 1774.995 1775.091 1775.189 1775.286 1775.384 1775.484 1775.583 1775.682
1770.529 1770.596 1770.663 1770.731 1770.799 1770.867 1770.937 1771.007 1771.077 1771.147 1771.219 1771.291 1771.363 1771.437 1771.510 1771.584 1771.659 1771.734 1771.810 1771.885 1771.963 1772.040 1772.117 1772.196 1772.275 1772.354 1772.434 1772.515 1772.596 1772.677 1772.760 1772.843 1772.925 1773.009 1773.094 1773.179 1773.264 1773.350 1773.437 1773.524 1773.612 1773.700 1773.788 1773.878 1773.968 1774.058 1774.149 1774.241 1774.333 1774.425 1774.519 1774.613 1774.707 1774.802 1774.898 1774.994 1775.090 1775.188 1775.285 1775.383 1775.483 1775.582 1775.681
1770.525 1770.592 1770.659 1770.727 1770.795 1770.864 1770.933 1771.003 1771.073 1771.144 1771.216 1771.288 1771.359 1771.433 1771.507 1771.580 1771.655 1771.731 1771.806 1771.882 1771.959 1772.037 1772.114 1772.193 1772.272 1772.351 1772.431 1772.512 1772.593 1772.674 1772.757 1772.840 1772.922 1773.007 1773.091 1773.176 1773.261 1773.348 1773.434 1773.521 1773.609 1773.698 1773.786 1773.876 1773.966 1774.056 1774.147 1774.239 1774.331 1774.424 1774.517 1774.611 1774.705 1774.801 1774.897 1774.992 1775.089 1775.187 1775.284 1775.383 1775.482 1775.581 1775.681
1770.521 1770.588 1770.655 1770.723 1770.791 1770.860 1770.929 1770.999 1771.069 1771.140 1771.212 1771.284 1771.356 1771.429 1771.503 1771.577 1771.651 1771.727 1771.802 1771.878 1771.956 1772.033 1772.110 1772.189 1772.269 1772.348 1772.428 1772.509 1772.590 1772.671 1772.754 1772.837 1772.919 1773.004 1773.088 1773.173 1773.259 1773.345 1773.431 1773.518 1773.607 1773.695 1773.783 1773.873 1773.963 1774.054 1774.145 1774.237 1774.329 1774.422 1774.516 1774.609 1774.703 1774.799 1774.895 1774.991 1775.088 1775.186 1775.283 1775.381 1775.481 1775.580 1775.680
1770.517 1770.584 1770.651 1770.719 1770.787 1770.856 1770.925 1770.995 1771.065 1771.136 1771.208 1771.280 1771.352 1771.425 1771.499 1771.573 1771.648 1771.723 1771.799 1771.875 1771.952 1772.029 1772.107 1772.186 1772.265 1772.344 1772.424 1772.505 1772.586 1772.668 1772.751 1772.833 1772.916 1773.001 1773.085 1773.170 1773.256 1773.342 1773.429 1773.516 1773.604 1773.693 1773.781 1773.871 1773.961 1774.051 1774.143 1774.235 1774.327 1774.420 1774.514 1774.608 1774.702 1774.798 1774.894 1774.989 1775.087 1775.184 1775.282 1775.380 1775.480 1775.579 1775.679
1770.513 1770.580 1770.647 1770.715 1770.783 1770.852 1770.921 1770.991 1771.061 1771.132 1771.204 1771.276 1771.348 1771.421 1771.495 1771.569 1771.644 1771.719 1771.795 1771.871 1771.948 1772.026 1772.103 1772.182 1772.262 1772.341 1772.421 1772.502 1772.583 1772.664 1772.747 1772.830 1772.913 1772.998 1773.082 1773.167 1773.253 1773.339 1773.426 1773.513 1773.602 1773.690 1773.778 1773.868 1773.959 1774.049 1774.141 1774.233 1774.325 1774.418 1774.512 1774.606 1774.700 1774.796 1774.892 1774.988 1775.085 1775.183 1775.281 1775.379 1775.479 1775.579 1775.679
1770.509 1770.576 1770.642 1770.711 1770.779 1770.847 1770.917 1770.987 1771.057 1771.128 1771.200 1771.272 1771.344 1771.418 1771.491 1771.565 1771.640 1771.716 1771.791 1771.867 1771.945 1772.022 1772.100 1772.179 1772.258 1772.337 1772.418 1772.499 1772.580 1772.661 1772.744 1772.827 1772.910 1772.995 1773.079 1773.164 1773.250 1773.337 1773.423 1773.510 1773.599 1773.687 1773.776 1773.866 1773.956 1774.047 1774.138 1774.231 1774.323 1774.416 1774.510 1774.604 1774.698 1774.794 1774.890 1774.986 1775.084 1775.181 1775.279 1775.378 1775.478 1775.578 1775.678
1770.505 1770.572 1770.638 1770.706 1770.775 1770.843 1770.913 1770.983 1771.053 1771.124 1771.196 1771.268 1771.340 1771.414 1771.487 1771.561 1771.636 1771.712 1771.787 1771.863 1771.941 1772.018 1772.096 1772.175 1772.254 1772.334 1772.414 1772.495 1772.576 1772.658 1772.741 1772.824 1772.907 1772.991 1773.076 1773.161 1773.247 1773.333 1773.420 1773.507 1773.596 1773.684 1773.773 1773.863 1773.954 1774.044 1774.136 1774.228 1774.321 1774.413 1774.508 1774.602 1774.696 1774.792 1774.888 1774.985 1775.082 1775.180 1775.278 1775.377 1775.477 1775.577 1775.676
1770.501 1770.567 1770.634 1770.702 1770.771 1770.839 1770.908 1770.979 1771.049 1771.120 1771.192 1771.264 1771.336 1771.409 1771.483 1771.557 1771.632 1771.708 1771.783 1771.860 1771.937 1772.015 1772.092 1772.171 1772.251 1772.330 1772.410 1772.491 1772.573 1772.654 1772.737 1772.820 1772.903 1772.988 1773.073 1773.158 1773.244 1773.330 1773.417 1773.504 1773.593 1773.682 1773.770 1773.861 1773.951 1774.042 1774.133 1774.226 1774.318 1774.411 1774.506 1774.600 1774.694 1774.790 1774.887 1774.983 1775.080 1775.178 1775.276 1775.375 1775.475 1775.576 1775.675
1770.496 1770.563 1770.630 1770.698 1770.766 1770.835 1770.904 1770.974 1771.045 1771.115 1771.187 1771.260 1771.332 1771.405 1771.479 1771.553 1771.628 1771.704 1771.780 1771.856 1771.933 1772.011 1772.088 1772.167 1772.247 1772.326 1772.407 1772.488 1772.569 1772.651 1772.734 1772.817 1772.900 1772.985 1773.070 1773.155 1773.241 1773.327 1773.414 1773.501 1773.590 1773.679 1773.767 1773.858 1773.949 1774.039 1774.131 1774.223 1774.316 1774.409 1774.503 1774.598 1774.692 1774.788 1774.885 1774.981 1775.079 1775.177 1775.275 1775.374 1775.474 1775.574 1775.674
1770.492 1770.559 1770.625 1770.693 1770.762 1770.830 1770.900 1770.970 1771.040 1771.111 1771.183 1771.255 1771.327 1771.401 1771.475 1771.549 1771.624 1771.700 1771.775 1771.851 1771.929 1772.007 1772.084 1772.163 1772.243 1772.322 1772.403 1772.484 1772.565 1772.647 1772.730 1772.813 1772.896 1772.981 1773.066 1773.151 1773.237 1773.324 1773.411 1773.498 1773.587 1773.676 1773.764 1773.855 1773.945 1774.036 1774.128 1774.221 1774.313 1774.406 1774.501 1774.595 1774.690 1774.786 1774.882 1774.979 1775.077 1775.175 1775.273 1775.372 1775.472 1775.572 1775.673
1770.488 1770.554 1770.621 1770.689 1770.758 1770.826 1770.895 1770.966 1771.036 1771.107 1771.179 1771.251 1771.323 1771.397 1771.471 1771.545 1771.620 1771.695 1771.771 1771.847 1771.925 1772.003 1772.080 1772.159 1772.239 1772.318 1772.399 1772.480 1772.561 1772.643 1772.726 1772.809 1772.893 1772.978 1773.063 1773.148 1773.234 1773.321 1773.408 1773.495 1773.584 1773.673 1773.761 1773.852 1773.943 1774.033 1774.125 1774.218 1774.311 1774.404 1774.498 1774.593 1774.688 1774.784 1774.880 1774.977 1775.075 1775.173 1775.272 1775.370 1775.471 1775.571 1775.672
1770.483 1770.550 1770.616 1770.685 1770.753 1770.822 1770.891 1770.961 1771.032 1771.102 1771.174 1771.247 1771.319 1771.392 1771.466 1771.540 1771.615 1771.691 1771.767 1771.843 1771.921 1771.998 1772.076 1772.155 1772.235 1772.314 1772.395 1772.476 1772.558 1772.639 1772.723 1772.806 1772.889 1772.974 1773.059 1773.144 1773.230 1773.317 1773.404 1773.492 1773.581 1773.670 1773.758 1773.849 1773.940 1774.031 1774.123 1774.215 1774.308 1774.401 1774.496 1774.591 1774.685 1774.782 1774.878 1774.975 1775.073 1775.171 1775.270 1775.369 1775.469 1775.570 1775.670
1770.479 1770.545 1770.612 1770.680 1770.749 1770.817 1770.887 1770.957 1771.027 1771.098 1771.170 1771.242 1771.314 1771.388 1771.462 1771.536 1771.611 1771.687 1771.763 1771.839 1771.917 1771.994 1772.072 1772.151 1772.231 1772.310 1772.391 1772.472 1772.554 1772.635 1772.719 1772.802 1772.885 1772.970 1773.055 1773.141 1773.227 1773.314 1773.401 1773.488 1773.577 1773.666 1773.755 1773.846 1773.937 1774.028 1774.120 1774.213 1774.305 1774.399 1774.493 1774.588 1774.683 1774.779 1774.876 1774.973 1775.070 1775.169 1775.268 1775.367 1775.467 1775.568 1775.669
1770.474 1770.541 1770.607 1770.675 1770.744 1770.812 1770.882 1770.952 1771.023 1771.093 1771.165 1771.238 1771.310 1771.383 1771.457 1771.532 1771.607 1771.682 1771.758 1771.835 1771.912 1771.990 1772.068 1772.147 1772.226 1772.306 1772.387 1772.468 1772.550 1772.631 1772.715 1772.798 1772.882 1772.966 1773.052 1773.137 1773.223 1773.310 1773.397 1773.485 1773.574 1773.663 1773.752 1773.843 1773.934 1774.025 1774.117 1774.210 1774.302 1774.396 1774.491 1774.586 1774.680 1774.777 1774.873 1774.970 1775.068 1775.167 1775.266 1775.365 1775.466 1775.566 1775.667
1770.469 1770.536 1770.603 1770.671 1770.739 1770.808 1770.877 1770.948 1771.018 1771.089 1771.161 1771.233 1771.305 1771.379 1771.453 1771.527 1771.602 1771.678 1771.754 1771.830 1771.908 1771.986 1772.063 1772.143 1772.222 1772.302 1772.383 1772.464 1772.546 1772.628 1772.711 1772.794 1772.878 1772.963 1773.048 1773.133 1773.220 1773.307 1773.394 1773.481 1773.570 1773.660 1773.749 1773.840 1773.931 1774.022 1774.114 1774.207 1774.300 1774.393 1774.488 1774.583 1774.678 1774.774 1774.871 1774.968 1775.066 1775.165 1775.264 1775.363 1775.464 1775.565 1775.665
1770.465 1770.531 1770.598 1770.666 1770.735 1770.803 1770.873 1770.943 1771.013 1771.084 1771.156 1771.228 1771.301 1771.374 1771.448 1771.523 1771.598 1771.673 1771.749 1771.826 1771.903 1771.981 1772.059 1772.138 1772.218 1772.298 1772.378 1772.460 1772.541 1772.623 1772.707 1772.790 1772.874 1772.959 1773.044 1773.129 1773.216 1773.303 1773.390 1773.478 1773.567 1773.656 1773.745 1773.836 1773.927 1774.018 1774.111 1774.204 1774.297 1774.390 1774.485 1774.580 1774.675 1774.772 1774.869 1774.966 1775.064 1775.163 1775.262 1775.361 1775.462 1775.563 1775.664
1770.460 1770.526 1770.593 1770.661 1770.730 1770.798 1770.868 1770.938 1771.009 1771.079 1771.151 1771.224 1771.296 1771.370 1771.444 1771.518 1771.593 1771.669 1771.745 1771.821 1771.899 1771.977 1772.055 1772.134 1772.214 1772.293 1772.374 1772.456 1772.537 1772.619 1772.703 1772.786 1772.870 1772.955 1773.040 1773.125 1773.212 1773.299 1773.386 1773.474 1773.564 1773.653 1773.742 1773.833 1773.924 1774.015 1774.107 1774.201 1774.294 1774.387 1774.482 1774.577 1774.672 1774.769 1774.866 1774.963 1775.061 1775.161 1775.259 1775.359 1775.460 1775.561 1775.662
1770.455 1770.522 1770.588 1770.657 1770.725 1770.794 1770.863 1770.933 1771.004 1771.074 1771.147 1771.219 1771.291 1771.365 1771.439 1771.513 1771.588 1771.664 1771.740 1771.817 1771.894 1771.972 1772.050 1772.130 1772.209 1772.289 1772.370 1772.451 1772.533 1772.615 1772.699 1772.782 1772.866 1772.951 1773.036 1773.121 1773.208 1773.295 1773.383 1773.470 1773.560 1773.649 1773.738 1773.829 1773.920 1774.012 1774.104 1774.197 1774.290 1774.384 1774.479 1774.574 1774.669 1774.766 1774.864 1774.961 1775.059 1775.158 1775.257 1775.357 1775.458 1775.559 1775.660
1770.450 1770.517 1770.584 1770.652 1770.720 1770.789 1770.858 1770.929 1770.999 1771.070 1771.142 1771.214 1771.286 1771.360 1771.434 1771.509 1771.584 1771.660 1771.736 1771.812 1771.890 1771.968 1772.045 1772.125 1772.205 1772.285 1772.365 1772.447 1772.529 1772.611 1772.694 1772.778 1772.861 1772.947 1773.032 1773.118 1773.204 1773.291 1773.379 1773.467 1773.556 1773.645 1773.735 1773.826 1773.917 1774.008 1774.101 1774.194 1774.287 1774.381 1774.476 1774.571 1774.666 1774.764 1774.861 1774.958 1775.056 1775.156 1775.255 1775.354 1775.456 1775.557 1775.658
1770.445 1770.512 1770.579 1770.647 1770.715 1770.784 1770.853 1770.924 1770.994 1771.065 1771.137 1771.209 1771.282 1771.355 1771.429 1771.504 1771.579 1771.655 1771.731 1771.807 1771.885 1771.963 1772.041 1772.120 1772.200 1772.280 1772.361 1772.443 1772.524 1772.606 1772.690 1772.773 1772.857 1772.942 1773.028 1773.113 1773.200 1773.287 1773.375 1773.463 1773.552 1773.642 1773.731 1773.822 1773.913 1774.005 1774.097 1774.190 1774.284 1774.378 1774.473 1774.568 1774.663 1774.761 1774.858 1774.955 1775.054 1775.153 1775.252 1775.352 1775.453 1775.554 1775.656
