in/Manuel_example/GIS_files/A01_001_U_F.asc
ncols    605
nrows    205
xllcorner    488220
yllcorner    4065460
cellsize    15
NODATA_value    -9999
[rows 58 to 86 of 205, columns 67 to 133 of 605]
413.791 412.432 412.105 411.871 411.632 410.726 408.853 406.980 406.482 402.650 398.516 394.383 390.247 388.636 387.052 387.008 387.749 387.823 388.151 390.870 393.589 397.345 400.052 403.947 407.842 411.477 414.784 418.091 419.469 421.318 423.315 425.311 426.014 426.285 426.556 426.620 426.438 426.256 426.455 426.086 425.716 424.818 423.205 422.456 421.708 420.887 419.985 419.084 418.970 418.787 418.315 417.843 417.446 416.770 416.094 415.640 414.936 414.052 413.236 412.620 411.778 410.936 411.059 411.372 411.379 411.503 411.883
409.017 407.984 407.657 407.584 407.350 406.445 404.571 404.386 404.201 400.508 396.676 392.543 388.408 384.272 382.652 382.608 384.654 385.402 385.730 388.449 392.211 396.879 399.576 401.685 405.580 409.215 412.522 413.806 414.899 416.670 418.518 420.515 421.219 421.569 421.840 421.905 421.723 422.016 422.271 421.902 421.000 419.694 418.043 416.341 415.592 414.771 413.870 413.753 413.717 413.714 413.534 413.062 412.682 412.307 411.630 411.176 410.952 410.250 409.435 408.969 408.354 407.512 407.635 407.638 406.817 406.941 407.985
404.568 403.535 403.208 403.136 403.063 402.163 401.984 402.104 401.920 398.226 394.533 390.703 386.568 382.432 378.296 378.208 380.254 382.300 383.309 387.078 391.746 396.414 399.111 401.215 403.319 406.953 408.230 409.236 410.329 412.100 413.870 415.718 416.423 416.775 417.125 417.189 417.483 417.832 418.087 417.182 415.876 414.570 412.919 411.182 409.477 408.656 408.542 408.500 408.464 408.461 408.459 408.280 407.900 407.541 407.167 406.713 406.489 406.265 405.633 405.168 404.702 404.089 403.897 403.076 402.255 402.379 403.423
399.444 398.157 397.458 397.385 397.312 397.789 397.910 398.030 398.487 395.736 392.043 388.350 384.991 380.855 376.719 375.207 377.253 379.298 380.604 385.345 390.013 394.681 397.378 399.483 401.587 402.924 403.926 404.933 406.026 407.796 409.567 410.791 410.938 411.290 411.641 411.566 411.914 412.263 412.400 411.104 409.798 408.492 406.990 405.253 403.517 402.583 402.541 402.499 402.130 402.458 402.455 402.453 402.325 401.966 401.607 401.315 401.091 400.867 401.053 400.588 400.122 399.755 399.014 398.193 397.371 397.495 398.539
393.214 390.772 390.073 390.000 390.833 391.466 391.587 392.223 393.143 392.032 389.290 385.597 382.700 379.608 375.472 373.960 376.006 376.811 377.074 381.950 386.691 391.359 394.056 396.161 398.757 400.157 399.965 400.962 402.055 403.826 405.043 404.442 404.589 404.940 405.265 405.176 404.607 404.955 405.093 403.817 402.521 401.215 399.834 398.315 396.578 395.645 395.603 394.901 394.079 395.179 395.510 395.508 395.519 395.395 395.036 394.744 394.520 394.913 395.496 395.030 394.665 394.551 393.778 392.906 392.084 392.209 393.252
385.829 383.387 382.688 383.525 384.510 385.143 385.782 386.879 387.799 386.688 385.578 382.844 379.947 377.312 374.226 372.713 373.511 373.280 373.543 378.419 383.295 388.037 390.734 393.332 395.990 397.390 397.198 397.005 398.085 399.294 398.693 398.092 398.239 398.565 398.887 398.798 398.220 397.648 397.786 396.510 395.234 393.938 392.557 391.158 389.640 388.707 388.002 386.850 386.027 387.128 388.228 388.562 388.574 388.588 388.466 388.173 388.570 389.356 389.939 389.574 389.461 389.347 388.574 387.670 386.797 386.922 387.192
378.798 376.356 376.435 377.421 378.406 379.167 380.264 381.360 382.280 381.170 380.059 378.949 376.864 374.230 371.595 370.372 370.141 369.910 370.173 375.049 379.925 384.801 387.766 390.424 393.081 394.482 394.289 394.096 393.606 393.001 392.400 391.799 391.923 392.246 392.568 392.458 391.881 391.303 390.605 389.329 388.053 386.777 385.402 384.003 382.603 381.331 380.179 379.027 378.205 379.305 380.406 381.506 381.804 381.819 381.833 382.276 383.063 383.849 384.489 384.376 384.262 384.149 383.547 382.643 381.739 381.195 381.012
374.208 371.766 371.845 372.831 372.676 372.449 373.540 374.636 375.556 374.446 373.335 373.426 371.506 368.871 367.289 367.272 367.882 367.651 367.913 372.789 377.665 381.376 383.997 386.537 389.195 390.595 390.402 389.791 387.994 387.098 386.492 385.891 386.016 386.338 386.223 385.997 385.811 385.234 384.534 383.016 381.741 380.465 379.090 377.690 375.830 374.543 373.940 372.788 371.966 373.066 374.167 375.202 376.015 376.263 376.278 376.864 377.903 378.689 379.329 379.216 379.102 380.298 379.749 378.845 377.908 377.345 377.162
369.570 367.176 367.255 367.094 365.960 365.733 366.822 367.913 368.833 367.722 367.817 368.067 366.148 364.571 363.834 363.817 364.777 365.391 365.653 370.530 374.236 377.816 380.437 382.769 385.308 386.709 386.092 384.179 382.381 381.486 380.591 379.984 380.108 379.991 379.569 379.343 379.348 379.164 378.465 376.947 375.429 374.152 372.777 370.914 368.752 367.465 367.150 366.549 365.727 366.827 367.863 368.895 369.708 370.472 370.722 371.309 372.490 373.529 374.169 374.056 375.256 376.499 375.950 375.013 374.058 373.495 372.835
364.294 362.536 361.512 360.378 359.245 359.017 360.106 361.195 362.109 362.208 362.459 362.709 361.854 361.116 360.379 360.362 361.322 362.283 363.394 367.096 370.676 374.256 376.877 379.209 381.541 382.393 380.480 378.567 376.769 375.874 374.978 374.083 373.758 373.337 372.915 372.688 372.693 372.699 372.395 370.877 369.359 367.841 365.999 363.836 361.674 360.387 360.071 359.756 359.488 360.523 361.555 362.587 363.400 364.164 364.928 365.754 366.934 368.115 369.009 370.214 371.457 372.700 372.118 371.163 370.208 369.163 367.455
358.490 357.299 356.366 355.242 354.108 353.881 354.969 356.058 356.429 356.900 357.150 357.401 356.908 356.171 355.545 355.799 356.760 357.720 359.306 362.940 366.519 370.099 372.720 375.052 377.134 377.333 375.664 373.751 371.953 371.058 370.163 368.857 367.603 367.161 366.739 366.513 366.518 366.523 365.939 363.889 362.371 360.853 358.819 356.656 354.646 353.638 353.323 353.007 352.806 354.861 355.893 356.926 357.738 358.503 359.249 360.187 361.367 362.548 363.241 364.759 366.002 367.245 367.635 366.680 365.725 364.388 362.680
353.132 352.411 351.477 350.467 349.343 349.116 350.205 350.550 350.831 351.382 351.854 352.105 351.612 350.987 350.721 350.975 351.936 353.307 354.934 358.589 362.222 365.802 368.423 370.502 371.845 372.043 370.789 369.123 367.325 366.430 365.122 363.540 362.285 361.120 360.676 360.450 360.455 360.122 359.518 357.220 355.167 353.649 351.615 349.606 347.974 346.967 346.651 345.971 345.754 348.323 350.384 351.416 352.229 352.975 353.679 354.617 355.798 356.295 356.970 358.637 360.157 361.400 361.817 362.048 361.093 359.756 358.048
348.243 347.522 346.589 345.579 344.569 344.352 344.694 344.951 345.232 345.784 346.336 346.808 346.430 346.164 345.898 346.152 347.524 348.934 350.562 354.216 357.871 361.505 363.869 365.213 366.556 366.754 365.500 364.246 362.697 361.387 359.805 358.222 356.968 355.803 354.638 354.387 354.053 353.701 353.096 350.798 348.500 346.445 344.566 342.935 341.303 340.296 339.614 338.920 338.702 341.271 343.841 345.906 346.701 347.405 348.110 349.048 349.543 350.025 350.700 352.367 354.034 355.555 355.972 356.226 356.460 355.124 353.183
341.873 341.152 340.218 339.208 338.198 337.460 337.628 337.886 338.167 338.718 339.270 339.825 341.152 340.886 340.620 341.230 342.667 344.078 345.633 348.992 352.647 356.302 358.180 359.523 360.866 360.689 359.436 358.182 357.442 356.039 354.457 352.875 351.620 350.455 349.291 346.354 345.924 345.571 344.967 342.669 340.371 338.494 336.585 334.954 333.322 332.135 331.440 330.746 330.390 332.959 335.528 337.813 338.691 339.396 340.100 342.305 342.790 343.272 343.824 345.240 346.907 348.574 349.197 349.451 349.705 348.846 346.905
333.974 333.253 332.320 331.310 330.630 329.928 329.142 329.307 329.588 330.140 330.695 331.262 333.314 335.140 334.873 335.483 337.282 338.721 340.276 343.188 346.544 350.199 352.077 353.420 354.052 353.825 352.571 351.934 351.591 350.480 349.079 347.496 346.242 345.077 341.661 338.610 336.117 335.680 335.075 332.777 330.906 330.033 327.856 325.622 323.990 322.803 322.108 321.234 320.777 323.346 325.628 327.287 328.165 328.870 331.977 334.220 335.533 336.020 336.572 337.483 338.897 340.564 341.281 341.717 341.971 341.112 339.171
325.538 325.355 324.421 323.743 323.098 322.395 321.610 320.824 321.009 321.565 322.131 322.698 324.750 327.292 329.127 329.737 331.536 333.335 334.920 337.831 340.742 344.097 345.975 346.603 347.188 346.961 346.327 346.083 345.740 344.629 343.518 342.118 340.863 337.440 333.917 330.866 328.373 325.880 325.184 323.317 322.444 321.572 319.395 316.896 314.659 313.471 312.596 311.621 311.164 313.443 315.103 316.762 317.640 320.755 323.892 326.135 327.448 328.761 329.321 330.232 331.142 332.554 333.271 333.800 334.237 333.378 331.561
316.694 317.205 316.872 316.227 315.582 314.879 314.094 313.308 312.653 313.115 313.681 314.248 316.158 318.699 321.241 323.468 325.267 327.066 329.139 332.050 334.962 337.873 339.228 339.812 340.396 340.615 340.371 340.127 339.973 338.932 337.820 336.709 333.498 329.975 326.453 323.401 320.908 318.416 315.949 315.076 314.204 313.332 310.979 308.480 305.981 304.578 303.603 302.629 301.777 303.383 305.042 306.701 309.294 312.432 315.569 317.811 319.124 320.438 321.624 322.535 323.446 324.364 325.068 325.597 326.126 325.877 324.119
309.221 309.314 309.214 308.787 308.142 307.439 306.654 306.029 305.833 305.309 305.768 306.334 307.775 309.970 312.512 314.738 316.537 318.598 321.362 324.273 327.184 330.635 332.470 333.364 333.948 334.167 333.923 333.782 333.881 333.884 332.847 331.735 327.810 323.826 320.303 317.251 314.759 311.942 308.747 307.874 307.002 305.151 302.776 300.277 298.792 298.104 297.532 296.557 295.706 295.573 297.173 298.832 300.417 302.988 306.125 308.368 309.681 310.875 311.834 312.745 313.665 315.253 315.957 316.486 317.328 317.792 317.188
301.328 301.382 301.283 301.128 300.702 299.999 299.376 299.209 299.014 298.490 297.965 298.420 299.861 301.590 303.782 306.008 308.072 310.820 313.585 316.496 319.949 323.430 325.264 326.603 327.499 327.718 327.579 327.689 327.788 327.792 327.796 326.761 322.836 318.141 314.153 311.102 308.282 304.740 301.545 300.673 298.818 296.948 294.573 293.093 292.148 291.459 291.056 290.486 289.635 289.502 289.369 290.963 292.548 294.115 296.681 298.924 300.117 301.085 302.043 302.966 304.554 306.143 306.847 307.689 308.674 309.138 309.097
293.397 293.451 293.351 293.196 293.041 292.724 292.557 292.390 292.195 291.670 291.146 290.622 291.947 293.676 295.404 297.546 300.295 303.043 305.807 309.262 312.743 316.224 318.058 319.397 320.736 321.375 321.486 321.597 321.695 321.699 321.703 321.707 317.862 313.167 308.473 304.621 301.080 297.539 294.343 292.485 290.615 288.745 287.394 286.449 285.503 284.815 284.411 284.008 283.563 283.431 283.298 283.165 284.679 286.246 287.814 289.359 290.327 291.294 292.266 293.855 295.443 297.032 298.051 299.035 300.020 300.484 300.443
290.204 290.203 290.080 289.925 289.816 289.811 289.704 289.537 289.375 289.172 288.647 288.123 289.293 291.022 292.561 294.340 297.089 299.837 301.590 305.070 308.551 310.705 312.052 313.391 314.882 315.810 315.775 315.886 315.984 315.988 315.992 316.517 313.004 308.309 304.453 301.211 297.226 293.684 290.359 288.489 286.619 285.681 284.832 283.886 283.220 283.140 282.875 282.472 282.108 281.975 281.843 281.792 283.072 284.640 285.639 285.598 286.196 287.164 288.038 288.791 290.379 291.968 293.052 294.036 294.692 294.925 295.030
287.739 287.703 287.579 287.470 287.485 287.481 287.446 287.340 287.178 287.065 286.863 286.339 287.509 289.046 290.111 291.890 294.639 296.196 297.896 301.377 303.524 304.897 306.243 307.737 309.582 310.509 310.273 310.237 310.336 310.340 310.867 311.677 308.165 304.317 302.257 299.015 294.373 290.383 287.058 285.188 284.255 283.793 282.943 282.280 282.169 282.090 282.044 281.780 281.416 281.283 281.233 281.221 282.501 283.495 283.445 283.405 283.374 283.969 284.843 285.235 285.984 287.573 288.657 289.310 289.401 289.635 290.006
285.239 285.202 285.125 285.140 285.155 285.150 285.116 285.082 284.980 284.868 284.755 284.554 285.531 286.596 287.661 289.440 290.994 292.503 294.203 296.343 297.715 299.088 300.591 302.436 304.281 305.209 304.973 304.737 304.687 305.218 306.028 306.838 304.181 302.121 300.060 296.819 292.176 287.534 283.757 282.829 282.367 281.905 281.340 281.230 281.119 281.039 280.993 280.947 280.724 280.674 280.662 280.650 281.351 281.301 281.251 281.211 281.180 281.150 281.648 282.040 282.432 283.178 283.928 284.019 284.111 284.344 284.715
283.764 283.722 283.718 283.733 283.748 283.654 283.602 283.568 283.527 283.414 283.302 283.222 283.473 284.538 285.602 286.463 287.863 289.372 290.868 292.241 293.614 294.804 296.404 298.249 300.094 300.560 300.324 300.088 299.943 300.361 301.171 301.981 301.479 299.419 297.358 295.249 290.817 286.175 282.118 281.796 281.334 280.872 280.692 280.581 280.470 280.362 280.313 280.267 280.216 280.176 280.164 280.152 280.108 280.058 280.009 280.001 279.972 279.942 279.980 280.373 280.765 280.986 281.052 281.144 281.232 281.430 281.801
283.154 283.098 283.094 283.110 283.060 282.962 282.798 282.746 282.705 282.592 282.513 282.513 282.551 282.812 283.877 284.738 285.322 286.718 288.215 289.587 290.775 291.561 293.161 295.006 296.011 296.463 296.227 296.084 295.988 295.884 296.299 297.109 297.028 296.288 294.227 292.118 289.950 285.527 281.470 281.347 281.027 280.564 280.384 280.273 280.153 280.045 279.950 279.900 279.849 279.767 279.727 279.715 279.672 279.623 279.608 279.600 279.599 279.570 279.609 280.001 280.221 280.160 280.226 280.314 280.334 280.531 280.902
282.530 282.474 282.471 282.421 282.369 282.271 282.107 281.942 281.883 281.804 281.804 281.803 281.842 281.894 282.151 283.012 283.596 284.180 285.561 286.747 287.533 288.318 289.919 290.921 291.915 292.367 292.224 292.129 292.033 291.929 291.825 292.237 292.156 291.831 291.097 288.987 286.819 284.651 280.822 280.699 280.577 280.257 280.076 279.956 279.836 279.728 279.633 279.538 279.483 279.401 279.318 279.278 279.236 279.221 279.207 279.199 279.198 279.197 279.237 279.455 279.394 279.333 279.395 279.415 279.435 279.633 279.711
281.882 281.826 281.773 281.721 281.669 281.571 281.407 281.243 281.154 281.163 281.163 281.162 281.207 281.259 281.311 281.589 282.173 282.757 283.150 283.819 284.605 285.390 286.158 287.152 288.146 288.660 288.565 288.470 288.376 288.276 288.172 288.068 287.791 287.466 287.141 286.028 283.860 281.692 280.232 280.109 279.987 279.863 279.724 279.604 279.484 279.363 279.268 279.173 279.072 278.985 278.903 278.821 278.794 278.779 278.764 278.745 278.744 278.744 278.742 278.685 278.624 278.563 278.568 278.588 278.608 278.602 278.570
281.150 281.095 281.042 280.989 280.939 280.843 280.678 280.593 280.684 280.748 280.757 280.757 280.817 280.882 280.933 281.211 281.795 282.202 282.225 282.101 282.767 283.553 283.890 284.521 285.515 286.029 285.934 285.836 285.736 285.663 285.563 285.460 285.182 284.857 284.700 283.664 281.496 280.033 279.844 279.722 279.598 279.443 279.273 279.130 279.010 278.876 278.740 278.645 278.544 278.407 278.320 278.238 278.211 278.196 278.145 278.112 278.111 278.106 278.099 278.107 278.050 277.989 277.990 278.007 278.027 278.021 277.990
280.421 280.363 280.310 280.259 280.210 280.114 280.030 280.123 280.214 280.278 280.342 280.351 280.411 280.491 280.556 280.834 281.239 281.278 281.301 281.176 281.052 281.715 282.052 282.255 282.883 283.397 283.299 283.196 283.097 283.024 282.951 282.851 282.574 282.417 282.336 281.300 279.843 279.645 279.457 279.333 279.178 279.022 278.852 278.679 278.536 278.402 278.253 278.116 278.015 277.878 277.741 277.655 277.627 277.577 277.512 277.478 277.474 277.464 277.457 277.464 277.471 277.415 277.416 277.429 277.446 277.440 277.440
