in/Manuel_example/GIS_files/basement_A01_001.asc
ncols    605
nrows    205
xllcorner    488220
yllcorner    4065460
cellsize    15
NODATA_value    -9999
[rows 32 to 63 of 205, columns 365 to 437 of 605]
14.321 18.868 27.032 28.717 26.612 27.008 23.380 19.397 16.241 13.748 15.227 15.609 13.937 9.619 4.337 0.927 -2.178 -5.449 -6.979 -8.941 -11.877 -15.996 -20.669 -23.636 -23.617 -22.420 -19.355 -12.735 -9.558 -8.506 -7.494 -8.147 -7.933 -5.850 -0.381 5.609 11.446 20.589 27.112 31.299 34.103 35.211 40.504 45.735 47.444 47.433 44.464 37.186 28.393 17.497 4.239 -8.180 -16.473 -20.836 -18.895 -14.564 -10.419 -1.504 6.303 9.538 8.647 6.246 8.680 11.075 12.634 12.494 12.065 12.033 11.725 11.242 10.933 13.637 16.219
8.387 13.981 24.875 26.854 24.578 22.036 18.048 14.000 9.671 6.266 7.002 6.132 2.938 -1.134 -5.279 -8.106 -11.282 -12.664 -14.584 -15.897 -18.833 -22.441 -25.974 -28.443 -26.061 -25.375 -22.153 -15.467 -8.987 -6.152 -5.654 -5.337 -5.241 -3.366 0.583 5.000 6.951 14.648 21.051 26.027 27.393 29.364 34.063 39.476 44.147 45.165 43.706 39.940 30.181 21.282 7.729 -5.923 -17.243 -21.717 -21.782 -21.776 -17.630 -7.037 1.792 5.009 5.074 3.326 5.850 8.142 9.589 10.976 10.794 10.747 11.097 10.911 10.622 12.168 15.278
5.902 10.636 22.433 25.192 20.785 16.832 12.426 8.387 4.749 0.458 -1.502 -4.308 -7.505 -10.445 -13.234 -15.932 -18.408 -20.184 -21.764 -22.967 -25.425 -28.869 -31.598 -31.793 -30.859 -27.778 -24.386 -17.614 -11.134 -5.069 -2.218 -1.645 -2.388 -1.580 0.767 1.951 3.324 8.938 13.713 19.149 22.639 24.878 28.324 33.928 38.598 42.711 42.753 38.621 33.789 25.595 11.756 -2.587 -14.919 -23.112 -25.629 -26.601 -24.078 -13.678 -4.025 -0.622 0.340 0.483 2.914 5.001 6.390 7.760 9.415 9.496 9.811 10.257 10.315 11.554 13.897
3.757 7.895 17.938 20.861 16.742 11.467 4.613 0.830 -1.686 -5.654 -9.104 -11.523 -14.348 -16.408 -18.693 -21.267 -27.096 -29.075 -30.336 -32.119 -32.696 -34.284 -34.624 -32.891 -31.032 -27.249 -21.580 -14.606 -8.139 -0.674 5.797 7.778 5.285 3.354 1.079 1.157 1.612 6.511 11.960 15.469 19.359 21.957 23.491 29.312 34.831 38.074 40.172 38.718 36.902 30.781 17.656 4.236 -8.399 -19.735 -26.660 -28.765 -27.308 -17.295 -9.423 -4.935 -2.007 -0.195 2.473 4.241 5.037 6.458 7.949 8.037 8.312 9.385 9.743 10.571 12.902
1.583 4.800 12.910 16.087 12.109 4.285 -2.423 -4.540 -7.992 -11.294 -14.597 -17.665 -19.986 -21.961 -24.153 -30.042 -36.168 -37.671 -39.334 -40.693 -41.271 -38.516 -35.757 -34.025 -30.629 -24.231 -18.381 -11.406 -3.412 4.816 10.640 12.975 12.409 6.484 1.835 -0.573 -0.421 4.605 8.768 11.315 16.286 20.382 22.475 25.953 31.331 35.802 38.723 40.045 39.255 34.843 21.910 8.484 -5.513 -17.322 -25.940 -31.211 -31.049 -21.297 -14.364 -10.441 -5.143 -1.280 1.985 3.752 4.236 4.987 6.505 6.745 7.635 9.010 9.417 9.719 11.998
-0.787 2.320 8.206 10.751 4.046 -2.581 -7.604 -10.225 -13.262 -16.012 -18.960 -21.990 -24.895 -27.193 -32.939 -39.061 -44.907 -46.635 -48.634 -49.322 -48.005 -44.110 -37.248 -32.962 -27.378 -20.649 -15.014 -6.471 2.325 10.129 14.357 15.175 14.578 9.111 2.605 -0.917 -2.447 1.482 4.347 8.310 13.533 19.023 23.143 25.740 29.438 34.630 39.452 41.354 41.176 37.883 24.802 10.656 -3.441 -15.905 -24.594 -31.093 -33.447 -25.694 -20.381 -15.003 -9.345 -3.637 1.148 3.227 3.640 4.010 5.099 6.159 7.496 8.787 9.256 9.406 11.030
-4.735 -0.919 4.499 7.014 2.469 -3.347 -8.211 -11.277 -14.124 -17.737 -22.013 -24.920 -27.595 -30.837 -36.405 -41.069 -46.862 -47.084 -46.501 -45.401 -43.726 -39.509 -32.870 -26.258 -20.320 -13.811 -8.916 0.615 7.603 14.050 17.619 16.141 14.883 9.240 2.826 -0.733 -2.367 -1.434 2.150 6.458 13.538 19.712 23.992 27.685 31.262 36.356 41.713 43.496 42.336 38.815 27.883 14.067 -0.031 -12.049 -20.622 -27.131 -30.551 -25.888 -21.301 -15.664 -10.753 -4.975 0.877 3.583 3.978 4.649 5.375 6.156 7.527 8.852 9.367 9.687 11.173
-8.117 -3.719 1.800 5.949 1.808 -2.551 -7.181 -10.245 -13.590 -19.746 -23.928 -26.303 -28.502 -31.592 -36.446 -40.022 -43.315 -42.302 -41.105 -38.959 -35.517 -31.518 -25.524 -19.495 -12.369 -6.466 -2.405 6.857 13.571 18.305 20.479 19.786 15.642 9.656 3.322 0.401 -1.070 -1.099 0.746 5.834 12.602 20.731 25.190 29.777 33.551 38.449 43.805 45.086 43.884 39.969 29.305 18.618 5.538 -6.374 -15.116 -21.650 -26.816 -23.063 -19.813 -16.090 -10.681 -4.973 1.712 4.416 5.102 5.609 6.372 6.867 7.536 8.912 9.691 9.796 9.731
-10.797 -4.738 1.553 5.907 1.873 -1.939 -5.761 -9.404 -14.868 -20.455 -23.133 -24.685 -26.162 -28.943 -33.701 -35.220 -36.867 -32.669 -30.735 -29.700 -26.014 -21.811 -17.806 -12.409 -6.171 -0.960 2.367 10.489 16.073 20.327 21.155 20.007 17.864 12.532 6.903 3.832 2.083 2.176 2.424 5.857 12.322 19.611 25.430 30.571 34.906 39.913 45.275 46.696 45.956 44.014 34.674 24.571 14.628 2.886 -5.278 -12.269 -18.049 -16.181 -15.144 -13.112 -8.491 -4.358 2.721 5.601 6.221 6.694 7.243 7.697 8.037 8.862 9.907 9.496 9.029
-11.468 -5.179 1.583 5.936 2.256 -0.747 -2.928 -5.654 -10.697 -15.490 -17.211 -18.233 -19.926 -22.442 -26.826 -28.639 -27.232 -23.936 -21.872 -20.076 -16.612 -12.595 -10.032 -5.578 -3.404 1.450 5.087 10.331 15.916 20.899 22.231 20.769 19.255 16.542 11.009 5.901 4.388 4.343 4.313 6.016 10.787 17.682 23.439 28.855 33.937 38.933 44.588 46.090 49.995 48.327 40.471 31.190 21.580 12.216 4.104 -2.887 -9.872 -10.208 -9.779 -8.085 -6.460 -3.003 3.021 5.988 6.500 7.025 7.565 8.074 8.547 9.071 9.704 8.898 8.735
-14.168 -5.764 1.375 6.144 3.143 1.266 2.563 0.938 -2.186 -6.183 -6.715 -8.216 -9.919 -12.700 -16.508 -18.193 -17.617 -15.165 -13.146 -9.676 -5.212 -0.911 -0.411 1.118 3.113 5.254 7.221 10.458 15.251 21.239 23.337 23.374 22.555 20.400 14.302 8.121 5.231 5.201 5.062 6.210 10.213 15.625 19.590 24.810 30.580 36.188 42.511 46.500 50.634 52.444 46.795 38.971 29.760 20.696 12.428 5.529 -0.573 -3.145 -4.486 -4.299 -2.749 0.077 2.754 5.148 5.595 6.132 6.769 7.469 8.066 8.694 8.813 8.649 8.739
-16.255 -6.910 2.487 7.832 6.626 10.402 13.185 11.892 9.995 6.840 5.253 3.699 1.147 -1.652 -4.492 -5.885 -5.410 -5.138 -2.198 1.092 3.576 7.008 5.902 3.713 4.360 4.813 4.337 7.527 12.072 17.773 21.831 25.578 25.183 23.525 18.212 11.945 6.637 5.885 5.406 6.315 9.352 12.435 15.418 21.520 27.730 34.300 41.689 46.873 51.206 53.561 49.999 43.676 35.419 25.620 16.670 9.330 2.898 0.137 -2.544 -3.386 -1.749 0.300 2.238 4.409 5.229 5.759 6.435 7.463 8.250 8.562 8.205 8.004 8.211
-17.489 -8.074 2.089 12.862 14.697 19.165 22.518 22.639 21.154 18.114 15.853 14.585 12.105 9.982 8.451 7.052 5.401 6.478 9.278 11.313 12.833 13.049 10.276 7.584 6.088 4.306 2.393 4.795 8.702 15.085 20.462 24.616 26.515 26.379 21.983 14.734 8.587 6.697 5.764 5.524 6.935 9.448 12.253 18.404 25.180 32.523 41.242 46.228 51.043 54.426 52.393 46.085 38.040 28.649 19.764 12.290 4.934 1.734 -0.754 -2.480 -2.446 -0.249 1.477 3.829 4.623 5.397 6.061 7.240 8.081 8.568 8.083 7.722 7.533
-19.551 -8.821 4.547 18.291 24.213 28.283 30.926 30.545 28.980 26.553 25.595 24.384 22.442 22.876 23.014 21.621 19.130 18.752 19.506 19.897 19.893 18.118 13.538 8.966 6.410 2.824 0.551 2.186 5.377 10.220 18.338 23.063 25.988 28.569 25.349 18.396 11.464 7.567 5.860 4.993 5.885 8.526 11.661 17.960 24.860 32.427 40.909 46.747 51.238 53.951 53.253 46.808 38.475 28.519 18.495 9.912 2.288 -2.646 -5.057 -5.027 -4.757 -2.189 0.588 3.006 3.757 4.432 6.065 7.288 8.117 8.521 7.648 7.453 7.402
-19.560 -7.152 8.279 22.023 28.128 34.826 36.457 34.196 32.520 30.581 30.167 31.218 30.632 31.965 32.496 31.087 28.582 25.915 25.416 24.421 23.532 21.155 16.250 11.264 6.517 2.925 0.406 2.041 3.567 7.559 15.326 20.398 26.235 28.965 26.163 19.884 14.188 8.876 6.721 5.618 5.647 7.960 10.881 17.220 22.750 30.604 38.882 44.545 49.219 52.028 52.232 46.306 38.738 28.781 18.370 8.193 0.571 -3.103 -6.959 -7.034 -5.282 -3.182 -0.448 2.155 2.505 3.955 5.633 6.918 7.942 8.131 7.114 7.189 7.057
-20.755 -4.949 11.854 25.550 31.598 36.551 38.995 36.446 34.106 32.240 32.550 34.453 36.835 39.123 39.894 38.312 34.668 31.768 29.685 27.795 25.774 22.623 18.128 12.427 7.666 3.949 1.279 1.446 2.957 5.922 12.313 18.786 24.629 28.359 25.782 21.397 16.066 10.148 7.983 5.275 5.307 7.784 10.309 15.127 20.961 27.553 35.606 40.723 45.397 49.455 50.929 45.985 38.421 29.219 18.427 7.756 0.099 -3.241 -5.589 -7.330 -5.690 -3.322 -1.003 0.614 1.682 3.283 4.922 6.202 7.270 7.785 6.665 6.786 6.894
-20.816 -5.651 11.099 23.361 27.942 31.564 35.584 34.659 32.374 32.110 33.305 35.504 37.915 40.403 40.540 37.098 33.184 29.888 28.295 26.354 24.457 21.518 18.778 13.627 8.866 3.647 -0.168 -0.032 1.111 4.151 8.974 16.362 22.203 23.749 22.249 18.872 17.035 13.876 9.894 7.614 5.337 6.996 9.828 12.413 18.248 25.017 33.482 38.528 42.382 46.640 48.880 44.401 38.449 30.155 20.776 9.030 1.815 -1.406 -3.455 -4.422 -3.040 -1.048 1.030 1.017 1.622 3.123 4.467 5.568 6.638 7.464 7.412 7.212 7.320
-20.148 -7.361 8.929 20.983 25.945 28.027 32.809 32.527 33.000 35.626 37.038 37.468 39.323 41.703 41.127 36.560 30.278 26.928 25.487 23.821 21.923 20.198 18.770 13.785 8.230 2.478 -1.791 -1.993 -0.506 2.266 6.510 13.328 17.687 19.072 18.264 19.260 19.994 16.756 11.646 9.100 7.437 6.224 9.130 11.612 16.555 23.717 32.433 37.375 41.283 44.758 46.483 42.602 37.653 30.294 22.280 11.522 3.305 0.814 -0.593 -0.807 0.343 2.187 2.371 2.359 2.569 3.234 4.396 5.358 6.148 6.975 7.378 8.319 8.086
-21.465 -10.155 3.411 14.743 20.238 25.760 32.901 34.732 38.647 41.846 43.310 43.432 42.885 43.682 39.502 33.135 26.093 22.775 21.929 20.304 18.807 18.108 18.211 12.845 6.667 0.494 -2.357 -3.006 -1.718 -0.186 6.052 10.641 13.609 15.405 17.144 19.810 21.211 18.508 14.813 10.804 8.483 7.085 8.723 11.284 16.877 24.760 33.875 38.205 41.658 42.699 41.467 38.696 35.027 29.784 25.043 13.402 5.147 3.736 3.490 2.975 3.944 4.035 4.219 4.262 4.324 4.233 4.731 5.367 5.865 6.239 7.592 8.288 9.017
-22.071 -13.243 -1.038 8.729 16.848 25.422 33.974 39.006 42.920 45.636 46.862 46.818 43.959 41.793 36.058 27.830 20.789 17.431 16.782 15.164 14.287 14.469 14.829 9.556 5.406 -0.459 -3.895 -3.915 -4.573 -3.036 4.186 8.242 11.369 14.238 16.818 19.398 21.457 19.010 15.285 11.347 9.224 7.744 9.258 11.323 16.908 25.876 33.449 36.454 37.525 37.821 36.156 34.302 31.130 29.707 26.407 14.855 7.692 6.685 6.173 5.660 5.787 5.899 6.035 6.578 5.739 5.642 5.657 5.755 6.525 6.967 8.401 9.035 9.764
-24.731 -15.968 -5.112 7.387 16.494 25.542 34.651 40.476 44.330 46.495 47.435 45.720 43.513 39.453 30.591 21.681 14.527 10.747 9.344 8.047 7.683 8.157 8.849 4.584 0.436 -2.151 -6.499 -8.033 -8.674 -5.753 1.637 5.433 8.880 12.362 15.427 17.545 19.605 17.842 13.860 13.322 11.165 8.446 9.046 11.501 17.498 26.054 31.138 33.463 33.349 31.492 29.290 28.756 28.685 28.801 27.122 17.012 9.609 8.539 7.420 7.407 7.534 7.477 8.924 9.789 8.819 7.652 7.675 7.228 7.655 8.602 10.331 10.938 12.361
-22.456 -17.782 -7.971 4.028 12.729 22.686 32.444 39.241 43.074 41.662 41.530 40.219 38.459 34.809 26.448 15.893 9.136 6.999 5.116 3.435 3.095 2.821 2.529 0.512 -3.267 -7.929 -11.905 -12.071 -10.831 -8.167 -2.105 1.548 5.140 8.497 11.395 14.944 17.118 15.766 15.826 14.897 12.180 7.845 7.752 11.496 15.303 21.108 26.501 27.870 26.745 25.083 23.396 23.955 27.141 28.223 27.840 21.508 12.874 11.059 10.340 8.384 8.501 9.534 11.779 11.778 10.828 10.413 10.615 10.017 9.726 10.219 11.021 12.298 14.304
-22.919 -19.429 -11.348 0.537 9.360 19.881 30.234 37.226 38.509 36.702 36.394 35.522 33.660 30.199 22.307 13.626 5.691 4.637 2.943 -0.063 -1.351 -2.289 -3.562 -6.358 -9.546 -13.355 -16.852 -14.786 -12.316 -10.719 -5.883 -2.082 0.825 4.180 7.232 11.423 15.232 16.131 17.137 16.223 12.336 8.079 7.334 9.860 14.514 18.378 21.946 21.518 20.391 20.140 18.952 20.630 24.471 28.097 28.334 22.121 16.129 13.014 11.895 9.353 9.996 11.618 14.234 14.331 13.242 12.727 13.102 12.529 12.039 11.501 12.116 14.155 16.209
-20.248 -17.346 -11.452 -1.183 6.518 17.545 29.202 33.278 33.522 31.239 30.750 29.976 28.014 23.846 17.189 9.929 3.943 4.840 2.839 -1.078 -3.856 -6.184 -9.878 -13.201 -16.058 -18.439 -19.264 -16.310 -13.411 -10.813 -9.582 -5.806 -3.217 -0.290 4.125 8.929 13.160 16.396 18.064 17.206 13.758 10.258 7.195 8.690 12.994 17.416 16.570 16.678 16.321 16.530 17.194 19.776 23.631 27.047 28.343 23.180 17.262 14.286 10.313 8.032 9.147 11.771 15.349 15.062 13.994 13.566 13.370 12.549 11.810 11.634 12.841 15.010 17.030
-18.441 -15.591 -10.140 -0.336 7.137 17.574 26.605 28.454 30.375 28.844 28.655 27.138 25.165 21.467 15.272 8.718 3.869 4.394 1.592 -2.432 -5.103 -8.314 -13.384 -17.013 -19.537 -20.778 -21.647 -18.468 -13.263 -10.094 -10.005 -7.713 -5.378 -2.531 2.132 7.454 11.942 16.009 19.376 18.868 16.601 12.737 8.396 9.237 10.401 13.642 14.002 14.263 14.827 15.581 16.093 18.952 22.523 25.268 26.270 20.906 14.063 10.460 7.184 6.274 7.391 11.196 15.149 14.972 14.791 14.256 14.183 13.262 13.023 12.973 14.109 16.136 17.216
-17.471 -14.400 -8.955 1.250 8.727 17.654 22.022 22.289 23.963 28.089 28.370 26.549 24.214 21.070 15.541 9.683 4.561 3.600 0.198 -2.998 -5.673 -9.026 -15.597 -19.345 -21.077 -22.531 -23.617 -18.985 -13.927 -9.699 -10.927 -9.007 -6.304 -4.363 0.296 5.878 11.437 15.615 19.435 21.727 19.808 15.676 9.508 8.956 9.533 9.719 12.064 13.581 14.679 15.679 15.639 18.290 21.127 23.144 23.489 17.632 10.538 5.841 3.044 3.421 5.698 9.354 14.330 15.332 15.060 15.091 15.225 14.905 14.758 14.682 15.571 17.024 17.967
-18.402 -14.424 -8.377 0.981 8.271 13.835 18.212 19.578 23.574 29.606 32.200 31.079 29.291 27.193 21.800 15.903 10.051 6.941 4.520 1.342 -1.331 -3.776 -10.672 -16.874 -20.219 -21.544 -21.155 -16.686 -12.523 -8.933 -8.198 -8.759 -5.510 -2.886 -0.960 5.670 12.872 17.422 21.606 24.113 22.612 18.758 12.842 8.308 8.772 10.005 11.532 13.352 15.056 16.917 17.635 20.078 22.910 24.839 23.946 15.919 9.202 4.681 3.085 4.229 6.192 9.610 13.401 16.844 17.431 17.949 18.104 17.085 15.859 14.956 15.452 16.077 16.843
-19.012 -14.455 -7.915 1.552 7.053 12.402 17.180 21.678 26.043 31.743 34.837 36.876 35.846 33.747 28.420 24.048 18.737 12.807 10.505 7.221 4.975 2.540 -6.168 -13.338 -17.292 -18.884 -18.865 -15.615 -11.516 -7.750 -6.542 -5.695 -2.772 -0.890 -0.396 6.347 13.963 19.038 22.997 24.846 23.944 20.617 14.890 10.412 9.123 9.568 10.935 13.996 16.614 18.272 19.627 22.040 24.945 25.917 24.492 16.438 8.277 5.448 5.064 6.702 8.665 9.481 12.419 17.270 19.708 20.806 20.811 19.773 16.187 13.304 13.804 14.422 13.551
-20.631 -14.847 -7.458 1.771 7.115 14.124 21.267 25.866 30.050 34.624 37.980 40.942 42.072 40.030 36.005 32.557 27.075 20.275 16.959 13.470 11.112 6.997 -1.412 -8.548 -12.176 -13.892 -18.720 -15.275 -11.005 -7.200 -5.480 -2.508 0.791 0.707 -0.555 6.024 13.685 19.051 22.736 24.839 23.985 20.620 15.396 10.103 7.996 8.839 10.802 14.337 17.223 19.846 22.079 24.903 26.647 26.300 22.857 15.344 8.752 7.680 9.180 10.253 11.185 11.052 11.214 18.133 21.836 23.554 22.689 17.989 12.698 8.652 9.764 9.944 10.906
-21.496 -15.195 -6.991 3.228 10.387 17.743 24.497 28.827 32.454 36.728 40.874 44.132 45.710 45.535 41.966 38.524 33.878 27.914 24.042 20.044 16.163 11.791 3.245 -4.425 -10.397 -13.267 -17.713 -14.431 -10.092 -6.689 -4.297 -0.760 1.487 2.164 0.288 6.198 12.197 17.194 20.560 22.352 21.155 17.818 13.296 8.568 7.787 8.868 11.293 13.925 17.261 20.370 23.117 25.533 23.984 23.001 19.950 12.712 8.950 9.594 10.896 11.903 12.596 11.610 11.643 18.600 23.062 24.458 21.668 14.855 8.935 4.874 4.825 5.694 11.293
-22.947 -15.220 -5.867 7.169 13.924 20.869 27.382 30.903 34.592 38.741 43.903 46.572 48.880 49.695 46.026 42.867 38.747 34.150 30.237 26.038 22.291 17.458 8.768 0.904 -5.816 -12.627 -16.280 -12.900 -9.158 -7.268 -3.910 0.330 2.807 2.902 0.813 4.393 10.499 15.283 18.346 20.707 18.824 14.955 11.218 9.200 8.585 9.260 12.129 14.478 17.385 20.551 23.047 24.352 22.802 19.421 16.880 12.184 9.714 10.726 11.774 13.456 13.124 11.947 11.964 19.292 23.545 23.971 19.135 12.437 6.779 2.512 1.988 4.006 9.494
-24.133 -15.555 -3.601 8.902 14.698 21.150 27.743 31.320 35.090 39.026 44.403 48.288 51.557 51.825 48.460 44.876 41.474 38.038 34.973 31.352 27.543 22.351 13.573 4.649 -3.546 -9.513 -13.879 -13.151 -11.081 -9.134 -4.509 0.852 3.533 3.755 1.668 4.220 10.030 12.971 17.100 19.496 17.826 15.547 12.153 9.929 9.713 10.721 12.473 14.161 17.288 20.702 21.722 20.125 19.086 15.024 13.354 11.971 9.720 11.140 13.261 14.199 13.890 13.281 13.638 19.656 21.807 21.452 17.241 12.633 9.104 5.218 2.922 6.421 9.977
