in/Manuel_example/GIS_files/basement_A01_001.asc
ncols    605
nrows    205
xllcorner    488220
yllcorner    4065460
cellsize    15
NODATA_value    -9999
[rows 128 to 159 of 205, columns 438 to 510 of 605]
0.430 0.682 0.800 0.819 1.004 0.917 0.786 0.793 0.740 0.596 0.474 0.428 0.422 0.474 0.537 0.596 0.622 0.599 0.530 0.384 0.241 0.270 0.441 0.649 0.926 1.112 1.282 1.218 1.134 1.114 1.114 1.088 1.042 0.940 0.753 0.531 0.302 0.170 0.079 -0.090 -0.186 -0.098 0.072 0.334 0.689 0.985 1.198 1.251 1.245 1.223 1.174 1.111 1.031 0.929 0.865 0.772 0.629 0.500 0.491 0.684 0.919 1.069 1.161 1.258 1.047 1.165 1.218 1.224 1.230 1.201 1.259 1.319 1.332
0.119 0.445 0.648 0.758 0.961 1.073 0.975 0.991 1.078 1.049 0.931 0.857 0.838 0.909 0.977 0.983 0.994 1.015 0.923 0.732 0.529 0.437 0.466 0.665 0.926 1.083 1.248 1.218 1.083 1.074 1.104 1.094 1.032 0.911 0.726 0.506 0.216 0.048 -0.092 -0.268 -0.355 -0.245 -0.061 0.215 0.580 0.977 1.200 1.226 1.201 1.168 1.124 1.070 0.979 0.873 0.811 0.708 0.509 0.390 0.508 0.793 0.944 1.038 1.162 1.255 0.998 0.811 0.828 0.850 0.821 0.735 0.766 0.830 0.822
-0.054 0.217 0.511 0.648 0.868 1.014 1.113 1.187 1.272 1.398 1.367 1.251 1.215 1.301 1.377 1.490 1.465 1.462 1.225 0.994 0.740 0.621 0.620 0.658 0.856 1.052 1.244 1.214 1.157 1.097 1.111 1.084 1.015 0.891 0.721 0.470 0.147 -0.075 -0.268 -0.445 -0.504 -0.390 -0.195 0.087 0.462 0.880 1.197 1.169 1.116 1.046 0.995 0.941 0.868 0.795 0.759 0.607 0.405 0.440 0.638 0.866 1.016 1.087 1.206 1.306 1.052 0.804 0.566 0.494 0.406 0.317 0.277 0.341 0.302
0.133 0.222 0.468 0.608 0.913 1.106 1.267 1.367 1.452 1.610 1.690 1.563 1.469 1.578 1.786 1.929 1.954 1.925 1.490 1.218 0.966 0.743 0.640 0.637 0.835 1.084 1.237 1.211 1.164 1.173 1.173 1.121 1.035 0.917 0.847 0.586 0.257 -0.040 -0.251 -0.433 -0.522 -0.442 -0.233 0.056 0.440 0.874 1.176 1.116 0.983 0.864 0.777 0.706 0.669 0.677 0.657 0.485 0.266 0.371 0.522 0.691 0.757 0.799 0.948 1.208 0.953 0.710 0.524 0.175 0.044 -0.040 -0.229 -0.284 -0.363
0.381 0.466 0.509 0.643 0.949 1.145 1.292 1.386 1.430 1.653 1.682 1.581 1.660 1.790 1.905 2.017 2.046 1.982 1.591 1.293 1.041 0.784 0.620 0.544 0.756 0.975 1.166 1.152 1.194 1.218 1.205 1.128 1.055 0.942 0.913 0.771 0.442 0.144 -0.083 -0.321 -0.410 -0.422 -0.244 0.065 0.438 0.850 1.139 1.075 0.869 0.754 0.642 0.446 0.402 0.426 0.433 0.334 0.115 0.214 0.313 0.340 0.393 0.474 0.828 1.124 0.871 0.689 0.546 0.200 -0.104 -0.255 -0.485 -0.691 -0.760
0.661 0.717 0.678 0.650 0.897 1.102 1.211 1.283 1.409 1.593 1.596 1.646 1.790 1.955 2.010 2.046 2.045 1.913 1.635 1.345 1.059 0.779 0.617 0.536 0.627 0.807 1.051 1.161 1.207 1.256 1.234 1.181 1.096 0.972 0.946 0.853 0.654 0.369 0.114 -0.129 -0.296 -0.326 -0.208 0.050 0.430 0.801 1.082 1.028 0.868 0.673 0.505 0.306 0.142 0.141 0.176 0.083 -0.081 -0.014 -0.018 -0.009 0.059 0.352 0.739 1.045 0.881 0.749 0.620 0.357 0.016 -0.391 -0.652 -0.890 -1.045
1.013 0.997 0.916 0.824 0.919 0.943 0.872 0.884 1.014 1.224 1.330 1.438 1.605 1.746 1.802 1.787 1.753 1.645 1.450 1.196 0.903 0.745 0.631 0.548 0.589 0.775 1.030 1.138 1.182 1.226 1.256 1.203 1.131 1.064 1.117 1.060 0.909 0.727 0.459 0.196 -0.020 -0.086 -0.008 0.068 0.368 0.721 0.992 0.961 0.850 0.729 0.560 0.343 0.094 -0.049 -0.086 -0.223 -0.482 -0.648 -0.609 -0.558 -0.279 0.105 0.552 0.850 0.800 0.668 0.676 0.460 0.124 -0.226 -0.556 -0.813 -0.974
1.435 1.395 1.222 1.049 0.963 0.893 0.639 0.476 0.531 0.754 0.986 1.115 1.235 1.367 1.458 1.454 1.408 1.326 1.141 0.977 0.814 0.627 0.527 0.474 0.547 0.749 1.036 1.161 1.204 1.266 1.276 1.227 1.187 1.200 1.362 1.357 1.223 1.091 0.894 0.586 0.370 0.251 0.200 0.188 0.380 0.659 0.959 1.023 0.912 0.798 0.628 0.379 0.148 -0.120 -0.316 -0.501 -0.879 -1.165 -1.255 -1.038 -0.759 -0.265 0.143 0.543 0.542 0.446 0.570 0.394 0.103 -0.126 -0.452 -0.704 -0.882
1.828 1.745 1.535 1.265 1.099 0.666 0.245 0.056 0.068 0.268 0.567 0.689 0.791 0.983 1.100 1.130 1.099 1.050 0.966 0.849 0.713 0.565 0.439 0.430 0.531 0.745 1.088 1.246 1.353 1.369 1.337 1.302 1.302 1.352 1.532 1.608 1.538 1.439 1.265 1.025 0.769 0.545 0.383 0.324 0.458 0.643 0.955 1.090 1.062 0.918 0.738 0.507 0.263 -0.079 -0.489 -0.872 -1.306 -1.624 -1.704 -1.584 -1.204 -0.699 -0.122 0.269 0.292 0.403 0.533 0.346 0.168 -0.026 -0.339 -0.598 -0.781
2.177 2.090 1.872 1.459 1.102 0.505 -0.070 -0.311 -0.304 -0.057 0.324 0.422 0.592 0.677 0.790 0.825 0.938 0.931 0.871 0.824 0.692 0.555 0.438 0.416 0.501 0.786 1.170 1.440 1.461 1.479 1.496 1.412 1.439 1.513 1.703 1.794 1.805 1.772 1.575 1.335 1.088 0.789 0.572 0.445 0.504 0.692 1.052 1.212 1.210 1.059 0.866 0.648 0.335 -0.052 -0.563 -1.269 -1.711 -2.070 -2.114 -2.028 -1.625 -1.112 -0.395 0.108 0.227 0.357 0.482 0.413 0.242 0.058 -0.222 -0.424 -0.607
2.376 2.405 2.154 1.741 1.144 0.459 -0.172 -0.467 -0.462 -0.291 0.054 0.266 0.401 0.426 0.540 0.662 0.761 0.792 0.753 0.713 0.650 0.515 0.421 0.402 0.503 0.823 1.309 1.537 1.582 1.603 1.653 1.636 1.591 1.710 1.943 2.033 2.052 2.017 1.799 1.588 1.311 0.972 0.646 0.455 0.508 0.698 0.982 1.189 1.288 1.132 0.940 0.750 0.437 -0.059 -0.674 -1.403 -2.050 -2.405 -2.396 -2.236 -1.947 -1.449 -0.540 -0.038 0.142 0.275 0.396 0.434 0.325 0.141 -0.097 -0.220 -0.329
2.563 2.599 2.382 1.912 1.192 0.482 -0.125 -0.363 -0.379 -0.383 -0.046 0.188 0.293 0.365 0.450 0.541 0.639 0.683 0.673 0.652 0.595 0.484 0.426 0.433 0.568 0.791 1.404 1.618 1.680 1.733 1.711 1.670 1.701 1.821 2.178 2.268 2.324 2.190 1.958 1.786 1.507 1.098 0.716 0.517 0.561 0.585 0.864 1.139 1.359 1.214 1.085 0.968 0.691 0.065 -0.671 -1.428 -2.098 -2.331 -2.337 -2.233 -1.959 -1.413 -0.671 -0.158 0.023 0.190 0.303 0.338 0.341 0.222 0.017 -0.043 -0.051
2.671 2.659 2.458 1.962 1.225 0.611 0.134 -0.097 -0.218 -0.254 -0.044 0.217 0.335 0.356 0.407 0.464 0.561 0.607 0.608 0.606 0.562 0.485 0.447 0.503 0.664 0.864 1.431 1.689 1.719 1.804 1.725 1.684 1.700 1.818 2.142 2.266 2.282 2.233 2.038 1.876 1.598 1.205 0.868 0.657 0.571 0.565 0.771 1.134 1.328 1.364 1.281 1.165 0.798 0.184 -0.512 -1.251 -1.906 -2.219 -2.229 -2.071 -1.748 -1.215 -0.570 -0.234 -0.053 0.060 0.224 0.241 0.242 0.238 0.128 0.138 0.158
2.607 2.410 2.059 1.664 1.164 0.711 0.351 0.172 0.126 0.095 0.180 0.366 0.521 0.516 0.529 0.568 0.609 0.647 0.654 0.637 0.564 0.511 0.494 0.593 0.777 0.997 1.369 1.698 1.864 1.868 1.743 1.645 1.596 1.637 1.782 1.918 1.991 2.024 1.918 1.730 1.419 1.098 0.859 0.689 0.572 0.591 0.692 0.968 1.246 1.510 1.449 1.213 0.794 0.242 -0.398 -1.084 -1.667 -2.019 -1.972 -1.759 -1.378 -0.868 -0.455 -0.214 0.014 0.085 0.177 0.269 0.274 0.266 0.299 0.348 0.374
2.007 1.886 1.635 1.324 1.139 0.831 0.566 0.514 0.483 0.475 0.519 0.573 0.716 0.707 0.702 0.689 0.691 0.724 0.724 0.677 0.641 0.626 0.634 0.752 0.920 1.124 1.395 1.640 1.788 1.789 1.668 1.545 1.513 1.504 1.534 1.647 1.697 1.736 1.697 1.573 1.278 1.054 0.853 0.704 0.604 0.610 0.709 0.803 1.058 1.282 1.241 1.080 0.726 0.234 -0.323 -0.910 -1.275 -1.578 -1.514 -1.270 -1.062 -0.692 -0.441 -0.231 -0.029 0.015 0.076 0.143 0.231 0.255 0.325 0.432 0.502
1.432 1.411 1.329 1.223 1.072 0.862 0.917 0.871 0.863 0.854 0.828 0.844 0.919 0.899 0.891 0.830 0.777 0.789 0.752 0.710 0.705 0.755 0.817 0.930 1.069 1.247 1.376 1.537 1.658 1.685 1.577 1.495 1.395 1.363 1.351 1.373 1.415 1.449 1.389 1.316 1.196 1.031 0.839 0.750 0.663 0.666 0.724 0.808 0.902 1.038 1.025 0.877 0.599 0.240 -0.179 -0.555 -0.904 -1.085 -0.989 -0.844 -0.648 -0.646 -0.467 -0.284 -0.099 -0.090 -0.054 0.015 0.102 0.227 0.324 0.452 0.578
0.884 0.965 1.050 0.967 0.920 0.949 1.064 1.081 1.072 1.063 1.093 1.026 1.027 1.031 1.000 0.929 0.859 0.798 0.777 0.771 0.819 0.888 0.961 1.051 1.195 1.327 1.386 1.486 1.536 1.537 1.448 1.362 1.230 1.098 1.057 1.078 1.117 1.126 1.128 1.098 1.022 0.874 0.740 0.690 0.623 0.634 0.686 0.728 0.796 0.877 0.835 0.733 0.486 0.221 -0.104 -0.326 -0.579 -0.620 -0.580 -0.592 -0.539 -0.583 -0.534 -0.339 -0.154 -0.187 -0.180 -0.109 -0.006 0.153 0.329 0.461 0.587
0.377 0.538 0.643 0.694 0.744 0.853 0.982 1.046 1.035 1.106 1.123 1.056 0.994 1.022 0.994 0.936 0.863 0.825 0.835 0.878 0.933 1.004 1.051 1.116 1.256 1.356 1.345 1.358 1.386 1.360 1.268 1.101 0.937 0.742 0.693 0.681 0.693 0.758 0.769 0.873 0.798 0.650 0.559 0.509 0.483 0.513 0.590 0.618 0.649 0.701 0.644 0.543 0.422 0.169 -0.150 -0.332 -0.365 -0.399 -0.372 -0.395 -0.440 -0.512 -0.491 -0.327 -0.218 -0.239 -0.248 -0.187 -0.038 0.126 0.306 0.455 0.552
-0.044 0.136 0.252 0.349 0.485 0.677 0.890 0.950 1.025 1.088 1.081 0.989 0.936 0.953 0.941 0.899 0.862 0.862 0.907 0.964 1.040 1.089 1.089 1.138 1.261 1.348 1.311 1.288 1.244 1.186 1.082 0.890 0.639 0.365 0.262 0.227 0.272 0.383 0.506 0.590 0.591 0.458 0.364 0.350 0.347 0.410 0.471 0.506 0.531 0.557 0.495 0.393 0.271 0.140 -0.173 -0.284 -0.298 -0.302 -0.299 -0.304 -0.349 -0.392 -0.419 -0.365 -0.278 -0.301 -0.299 -0.226 -0.083 0.119 0.298 0.419 0.494
-0.467 -0.303 -0.076 0.029 0.241 0.433 0.595 0.711 0.783 0.851 0.894 0.889 0.845 0.857 0.833 0.800 0.868 0.911 0.963 1.024 1.057 1.064 1.017 1.057 1.092 1.157 1.113 1.051 0.999 0.892 0.766 0.558 0.300 0.062 -0.026 -0.060 -0.004 0.102 0.276 0.356 0.395 0.265 0.201 0.204 0.225 0.280 0.327 0.366 0.422 0.442 0.337 0.232 0.111 0.010 -0.124 -0.228 -0.242 -0.247 -0.245 -0.244 -0.231 -0.258 -0.302 -0.411 -0.331 -0.356 -0.331 -0.236 -0.093 0.079 0.260 0.356 0.429
-0.724 -0.647 -0.395 -0.226 -0.014 0.200 0.256 0.310 0.425 0.522 0.605 0.599 0.607 0.607 0.586 0.611 0.751 0.836 0.898 0.942 0.994 0.988 0.925 0.866 0.897 0.914 0.845 0.779 0.674 0.551 0.393 0.185 -0.037 -0.259 -0.331 -0.322 -0.313 -0.210 -0.014 0.137 0.195 0.094 0.076 0.066 0.065 0.108 0.150 0.196 0.252 0.240 0.106 -0.025 -0.134 -0.230 -0.295 -0.288 -0.284 -0.289 -0.287 -0.231 -0.175 -0.164 -0.237 -0.347 -0.393 -0.418 -0.345 -0.260 -0.128 0.046 0.283 0.298 0.304
-0.914 -0.899 -0.839 -0.706 -0.513 -0.324 -0.211 -0.148 0.000 0.253 0.345 0.355 0.375 0.378 0.379 0.492 0.697 0.781 0.849 0.866 0.881 0.820 0.767 0.683 0.694 0.644 0.571 0.475 0.329 0.198 0.031 -0.153 -0.354 -0.516 -0.527 -0.533 -0.538 -0.508 -0.287 -0.104 -0.003 -0.027 -0.025 -0.047 -0.064 -0.075 -0.030 -0.015 -0.004 -0.088 -0.270 -0.426 -0.557 -0.626 -0.569 -0.509 -0.449 -0.447 -0.343 -0.248 -0.183 -0.190 -0.251 -0.375 -0.440 -0.429 -0.361 -0.300 -0.167 -0.034 0.038 0.036 0.020
-0.815 -0.815 -0.815 -0.779 -0.835 -0.740 -0.666 -0.551 -0.347 -0.058 0.056 0.123 0.143 0.159 0.218 0.443 0.646 0.744 0.804 0.752 0.703 0.633 0.558 0.512 0.446 0.391 0.316 0.227 0.080 -0.061 -0.189 -0.370 -0.488 -0.597 -0.604 -0.567 -0.573 -0.567 -0.387 -0.272 -0.106 -0.119 -0.116 -0.125 -0.128 -0.163 -0.175 -0.213 -0.258 -0.384 -0.574 -0.724 -0.845 -0.913 -0.819 -0.717 -0.613 -0.555 -0.408 -0.305 -0.259 -0.264 -0.307 -0.398 -0.413 -0.432 -0.400 -0.319 -0.358 -0.259 -0.245 -0.247 -0.195
-0.653 -0.648 -0.648 -0.690 -0.779 -0.945 -0.930 -0.888 -0.700 -0.419 -0.207 -0.143 -0.113 -0.084 0.075 0.303 0.542 0.645 0.612 0.557 0.494 0.404 0.312 0.221 0.144 0.070 0.020 -0.050 -0.157 -0.295 -0.366 -0.440 -0.506 -0.566 -0.565 -0.516 -0.471 -0.461 -0.465 -0.363 -0.253 -0.186 -0.178 -0.158 -0.158 -0.199 -0.265 -0.347 -0.458 -0.622 -0.765 -0.881 -0.995 -1.089 -0.948 -0.841 -0.736 -0.442 -0.281 -0.184 -0.136 -0.139 -0.176 -0.174 -0.219 -0.256 -0.267 -0.268 -0.320 -0.385 -0.372 -0.331 -0.273
-0.506 -0.498 -0.493 -0.653 -0.777 -1.019 -1.093 -1.050 -0.967 -0.721 -0.533 -0.494 -0.462 -0.419 -0.211 0.031 0.288 0.441 0.439 0.389 0.324 0.246 0.172 0.078 0.006 -0.036 -0.050 -0.110 -0.208 -0.266 -0.338 -0.413 -0.475 -0.531 -0.526 -0.479 -0.436 -0.377 -0.373 -0.339 -0.241 -0.206 -0.166 -0.151 -0.184 -0.229 -0.266 -0.341 -0.404 -0.562 -0.705 -0.821 -0.936 -1.032 -0.938 -0.833 -0.758 -0.462 -0.145 -0.030 0.011 0.015 0.063 0.071 0.043 0.040 -0.110 -0.143 -0.235 -0.278 -0.240 -0.220 -0.191
-0.360 -0.352 -0.369 -0.554 -0.815 -1.094 -1.183 -1.167 -1.117 -0.981 -0.848 -0.835 -0.806 -0.765 -0.536 -0.182 0.090 0.261 0.266 0.229 0.160 0.082 0.027 -0.043 -0.095 -0.108 -0.112 -0.155 -0.193 -0.233 -0.308 -0.382 -0.446 -0.496 -0.489 -0.446 -0.381 -0.314 -0.289 -0.256 -0.229 -0.199 -0.158 -0.171 -0.204 -0.253 -0.280 -0.287 -0.350 -0.494 -0.637 -0.753 -0.870 -0.970 -0.942 -0.874 -0.778 -0.481 -0.166 0.100 0.166 0.261 0.308 0.327 0.328 0.337 0.124 -0.050 -0.131 -0.077 -0.011 -0.045 -0.043
-0.283 -0.275 -0.356 -0.595 -0.910 -1.212 -1.251 -1.252 -1.225 -1.184 -1.153 -1.152 -1.134 -1.133 -0.795 -0.382 -0.050 0.119 0.101 0.062 0.028 -0.046 -0.083 -0.131 -0.152 -0.148 -0.141 -0.154 -0.186 -0.210 -0.282 -0.356 -0.420 -0.454 -0.447 -0.403 -0.339 -0.278 -0.219 -0.189 -0.165 -0.141 -0.137 -0.116 -0.134 -0.168 -0.150 -0.154 -0.215 -0.341 -0.298 -0.395 -0.511 -0.605 -0.543 -0.514 -0.448 -0.198 0.115 0.379 0.838 0.969 1.008 1.048 1.162 1.165 0.989 0.830 0.778 0.910 0.915 0.875 0.866
-0.261 -0.253 -0.393 -0.661 -0.978 -1.252 -1.274 -1.277 -1.275 -1.259 -1.249 -1.249 -1.249 -1.223 -0.924 -0.508 -0.239 -0.050 -0.068 -0.059 -0.078 -0.147 -0.174 -0.223 -0.197 -0.178 -0.174 -0.179 -0.183 -0.201 -0.257 -0.331 -0.380 -0.404 -0.399 -0.353 -0.289 -0.228 -0.167 -0.099 -0.075 -0.076 -0.039 0.004 0.001 0.017 0.050 0.046 -0.009 0.091 0.134 0.167 0.071 -0.023 0.078 0.141 0.183 0.388 0.667 1.262 1.721 1.994 2.014 2.003 2.261 2.402 2.300 2.268 2.246 2.338 2.343 2.246 2.206
-0.247 -0.248 -0.430 -0.730 -1.037 -1.245 -1.258 -1.261 -1.261 -1.259 -1.248 -1.248 -1.234 -1.187 -0.942 -0.686 -0.433 -0.222 -0.185 -0.172 -0.191 -0.244 -0.268 -0.285 -0.253 -0.213 -0.206 -0.204 -0.201 -0.195 -0.240 -0.294 -0.336 -0.354 -0.341 -0.299 -0.239 -0.179 -0.109 -0.034 0.004 0.026 0.089 0.133 0.153 0.207 0.249 0.246 0.412 0.523 0.566 0.599 0.632 0.559 0.660 0.762 0.825 1.018 1.591 2.164 2.593 2.827 2.895 2.911 3.176 3.474 3.574 3.620 3.674 3.766 3.770 3.673 3.577
-0.363 -0.417 -0.602 -0.901 -1.078 -1.239 -1.248 -1.248 -1.248 -1.248 -1.248 -1.248 -1.234 -1.220 -0.955 -0.688 -0.463 -0.263 -0.232 -0.228 -0.249 -0.306 -0.336 -0.341 -0.306 -0.257 -0.242 -0.232 -0.219 -0.209 -0.221 -0.260 -0.299 -0.306 -0.286 -0.242 -0.187 -0.128 -0.064 0.016 0.082 0.146 0.210 0.390 0.471 0.525 0.578 0.740 0.915 1.037 1.115 1.148 1.181 1.268 1.369 1.471 1.576 1.980 2.460 3.024 3.463 3.660 3.730 3.921 4.201 4.513 4.844 5.049 5.167 5.245 5.236 5.120 5.007
-0.547 -0.612 -0.818 -0.979 -1.123 -1.243 -1.248 -1.248 -1.248 -1.248 -1.248 -1.248 -1.245 -1.232 -0.944 -0.667 -0.433 -0.292 -0.261 -0.257 -0.278 -0.335 -0.365 -0.371 -0.338 -0.287 -0.291 -0.261 -0.231 -0.220 -0.224 -0.263 -0.286 -0.274 -0.233 -0.191 -0.137 -0.083 -0.018 0.063 0.154 0.222 0.437 0.989 1.215 1.297 1.359 1.520 1.663 1.896 2.020 2.053 2.152 2.360 2.462 2.532 2.738 3.100 3.560 4.030 4.522 4.895 4.969 5.184 5.478 5.822 6.289 6.678 6.888 6.947 6.927 6.864 6.751
-0.936 -0.954 -1.087 -1.177 -1.220 -1.242 -1.248 -1.248 -1.248 -1.248 -1.248 -1.245 -1.234 -1.221 -0.969 -0.660 -0.421 -0.325 -0.281 -0.263 -0.283 -0.331 -0.360 -0.373 -0.345 -0.337 -0.341 -0.305 -0.256 -0.231 -0.235 -0.258 -0.259 -0.243 -0.194 -0.145 -0.098 -0.051 0.034 0.116 0.206 0.455 1.008 1.600 1.868 2.090 2.203 2.358 2.588 2.800 2.924 3.024 3.245 3.453 3.559 3.723 3.867 4.158 4.574 5.024 5.493 5.918 6.256 6.483 6.794 7.208 7.692 8.055 8.367 8.545 8.547 8.493 8.434
