in/Manuel_example/GIS_files/basement_A01_001.asc
ncols    605
nrows    205
xllcorner    488220
yllcorner    4065460
cellsize    15
NODATA_value    -9999
[rows 160 to 191 of 205, columns 438 to 510 of 605]
-0.981 -1.061 -1.152 -1.241 -1.243 -1.245 -1.248 -1.248 -1.248 -1.248 -1.245 -1.234 -1.222 -1.210 -0.991 -0.693 -0.430 -0.358 -0.314 -0.280 -0.285 -0.322 -0.354 -0.372 -0.381 -0.383 -0.392 -0.354 -0.304 -0.266 -0.248 -0.243 -0.239 -0.220 -0.179 -0.128 -0.064 -0.007 0.071 0.158 0.428 0.987 1.554 2.195 2.485 2.802 3.043 3.238 3.512 3.704 3.896 4.117 4.337 4.546 4.710 4.767 4.858 5.180 5.583 5.924 6.384 6.875 7.330 7.781 8.176 8.595 9.071 9.418 9.731 10.039 10.163 10.110 10.062
-0.591 -0.708 -0.795 -0.883 -1.012 -1.015 -1.017 -1.017 -1.017 -1.011 -0.965 -0.909 -0.897 -0.885 -0.687 -0.419 -0.184 -0.140 -0.094 -0.041 -0.010 -0.054 -0.090 -0.127 -0.179 -0.191 -0.215 -0.125 -0.054 -0.013 0.008 0.016 0.030 0.150 0.186 0.236 0.428 0.683 0.790 0.895 1.199 1.774 2.377 4.165 5.047 5.427 5.628 5.932 6.148 6.338 6.540 6.761 6.949 7.160 7.254 7.235 7.204 7.536 7.937 8.012 8.002 8.481 8.985 9.497 9.892 10.327 10.304 10.512 10.828 11.158 11.377 11.388 11.329
-0.155 -0.292 -0.408 -0.496 -0.637 -0.767 -0.769 -0.770 -0.763 -0.743 -0.697 -0.606 -0.549 -0.536 -0.367 -0.163 0.051 0.100 0.164 0.258 0.292 0.237 0.194 0.151 0.071 0.016 -0.021 0.059 0.187 0.244 0.266 0.280 0.396 0.518 0.558 0.736 0.994 1.259 1.528 1.687 1.998 2.604 4.359 6.119 7.015 7.853 8.066 8.381 8.709 8.911 9.027 9.183 9.096 9.147 9.179 9.128 9.081 9.337 9.418 9.167 9.300 9.703 10.163 10.687 11.084 10.967 10.800 11.016 11.354 11.729 12.112 12.181 12.100
0.282 0.145 0.008 -0.110 -0.250 -0.391 -0.521 -0.516 -0.495 -0.474 -0.428 -0.338 -0.247 -0.188 -0.053 0.103 0.288 0.358 0.462 0.558 0.597 0.536 0.483 0.415 0.323 0.258 0.165 0.246 0.372 0.486 0.524 0.637 0.764 0.886 1.059 1.282 1.539 1.818 2.109 2.417 2.790 4.561 6.263 7.982 8.845 9.694 10.375 10.654 10.878 11.178 11.299 11.234 11.090 10.983 10.906 10.882 10.713 10.651 10.325 10.083 10.216 10.570 10.956 11.427 11.303 10.997 10.842 11.100 11.465 11.841 12.260 12.429 12.412
1.336 1.193 1.056 0.919 0.779 0.638 0.483 0.355 0.376 0.396 0.431 0.513 0.604 0.694 0.802 0.938 1.089 1.187 1.290 1.392 1.397 1.328 1.271 1.186 1.089 1.009 0.901 0.967 1.092 1.206 1.375 1.514 1.644 1.782 2.018 2.226 2.505 2.826 3.153 3.469 4.331 5.973 7.597 9.253 10.066 10.844 11.911 12.522 12.680 12.744 12.962 12.894 12.720 12.461 12.207 12.042 11.795 11.398 11.030 10.703 10.744 11.050 11.370 11.264 10.893 10.607 10.460 10.310 10.681 11.051 11.364 11.644 11.821
2.790 2.631 2.488 2.352 2.211 2.056 1.869 1.731 1.625 1.645 1.680 1.738 1.820 1.911 2.005 2.108 2.249 2.348 2.451 2.497 2.500 2.431 2.367 2.270 2.166 2.076 1.965 2.023 2.148 2.307 2.476 2.689 2.848 2.988 3.222 3.471 3.779 4.083 4.416 5.041 5.903 7.110 8.572 10.188 10.910 11.968 13.548 13.978 14.119 14.199 14.270 14.275 14.043 13.688 12.986 12.667 12.355 11.890 11.435 11.146 10.933 11.180 11.040 10.674 10.250 9.848 9.648 9.347 9.153 9.551 9.903 10.288 10.534
4.244 4.085 3.927 3.784 3.628 3.441 3.255 3.117 3.001 2.894 2.929 2.969 3.027 3.102 3.184 3.276 3.379 3.492 3.549 3.600 3.602 3.533 3.451 3.355 3.244 3.139 3.020 3.074 3.244 3.403 3.576 3.798 4.030 4.194 4.467 4.764 5.071 5.333 5.914 6.493 7.222 8.397 9.450 10.754 11.810 13.397 14.954 15.301 15.406 15.463 15.451 15.383 15.203 14.750 13.781 13.169 12.773 12.209 11.732 11.249 11.035 10.621 10.362 9.988 9.434 8.933 8.573 8.273 7.984 7.830 8.286 8.619 9.004
5.916 5.758 5.599 5.440 5.253 5.066 4.880 4.710 4.594 4.479 4.414 4.375 4.394 4.380 4.388 4.448 4.565 4.719 4.858 4.930 4.944 4.874 4.774 4.658 4.530 4.391 4.244 4.332 4.510 4.676 4.887 5.117 5.352 5.598 5.909 6.194 6.499 6.874 7.150 7.402 7.470 8.247 8.748 9.332 10.860 11.744 14.091 14.610 14.854 14.883 14.897 14.766 14.463 14.080 13.208 12.404 11.863 11.426 10.930 10.188 9.630 9.050 8.856 8.513 7.938 7.385 6.969 6.575 6.197 5.954 5.792 6.106 6.469
8.291 7.948 7.790 7.631 7.444 7.257 6.993 6.812 6.616 6.481 6.400 6.263 6.200 6.133 6.085 6.150 6.308 6.455 6.578 6.685 6.717 6.645 6.637 6.396 6.217 6.043 5.877 5.972 6.175 6.326 6.539 6.720 6.979 7.162 7.288 7.554 7.244 7.556 7.550 6.343 6.393 6.341 6.117 6.395 7.388 8.111 10.819 11.144 11.796 11.619 11.540 11.260 11.268 10.904 10.127 9.711 9.395 9.044 8.618 7.970 7.249 6.879 6.893 6.572 5.988 5.549 5.172 4.669 4.126 3.903 3.668 3.978 4.340
10.676 10.324 9.980 9.821 9.634 9.370 9.106 8.925 8.717 8.397 8.135 7.988 7.880 7.739 7.704 7.773 7.954 8.122 8.234 8.331 8.372 8.249 8.380 8.146 7.861 7.590 7.443 7.520 7.696 7.845 8.010 8.176 8.356 8.396 8.345 8.318 7.897 7.143 6.208 4.420 3.259 2.222 1.424 1.442 2.343 3.665 6.665 6.579 6.227 6.882 6.459 6.233 6.295 6.608 6.149 6.011 6.038 6.353 5.925 5.481 4.982 4.795 5.293 5.006 4.497 4.290 4.005 3.459 2.864 2.400 2.132 2.569 2.858
11.781 11.445 11.371 11.027 11.008 10.741 10.347 10.166 9.891 9.561 9.261 9.116 9.114 9.039 9.060 9.140 9.195 9.463 9.575 9.745 9.737 9.592 9.427 9.194 8.881 8.617 8.504 8.574 8.591 8.696 8.793 8.762 8.893 8.920 8.753 8.632 7.674 6.293 4.420 2.637 1.186 -0.018 -0.506 -0.599 0.110 1.353 2.841 3.533 2.866 3.262 2.920 2.702 2.942 3.321 3.243 3.357 3.737 4.038 3.937 3.591 3.792 3.742 4.243 4.594 4.169 3.973 3.660 3.119 2.528 1.991 1.693 2.083 2.038
12.341 12.017 12.025 11.898 11.898 11.626 11.186 10.860 10.582 10.294 10.035 9.990 9.992 10.042 10.176 10.205 10.305 10.605 10.717 10.888 10.979 10.842 10.532 10.054 9.689 9.434 9.322 9.296 9.322 9.330 9.409 9.308 9.200 9.222 8.993 8.254 6.984 5.243 2.904 1.120 -0.546 -1.680 -1.997 -1.785 -1.078 -0.373 0.055 -0.007 0.002 0.201 -0.063 0.060 0.283 0.424 0.819 1.198 1.491 1.718 1.832 2.099 2.418 2.696 3.222 3.892 3.950 3.792 3.421 2.899 2.308 1.765 1.470 1.383 1.321
12.822 12.536 12.203 12.010 11.877 11.666 11.269 10.958 10.683 10.460 10.342 10.317 10.354 10.439 10.603 10.769 10.906 11.064 11.227 11.398 11.488 11.323 10.925 10.399 9.941 9.684 9.480 9.401 9.447 9.532 9.552 9.461 9.372 9.282 8.909 7.810 6.402 4.672 2.604 1.134 -0.416 -1.339 -1.687 -1.409 -0.703 -0.484 -0.347 -0.482 -0.734 -0.727 -0.781 -0.577 -0.509 -0.300 -0.030 0.309 0.607 0.865 1.153 1.546 1.860 2.052 2.943 3.669 3.789 3.675 3.344 2.904 2.354 1.837 1.503 1.387 1.229
12.991 12.589 12.255 11.887 11.729 11.525 11.181 10.909 10.662 10.425 10.314 10.406 10.471 10.586 10.770 10.939 11.169 11.327 11.485 11.680 11.711 11.447 11.059 10.474 10.071 9.803 9.474 9.429 9.491 9.578 9.586 9.540 9.459 9.290 8.644 7.550 6.015 4.481 2.886 1.519 0.278 -0.537 -0.929 -0.876 -0.653 -0.613 -0.545 -0.690 -0.943 -1.150 -1.194 -1.166 -0.981 -0.763 -0.514 -0.346 -0.082 0.270 0.742 1.135 1.477 1.898 2.715 3.458 3.576 3.549 3.285 2.861 2.412 1.942 1.595 1.361 1.176
11.952 11.743 11.409 11.014 10.847 10.633 10.353 10.160 9.900 9.632 9.587 9.688 9.778 9.936 10.124 10.341 10.616 10.821 10.970 11.100 11.136 10.888 10.529 10.109 9.770 9.381 8.907 8.817 8.882 8.938 8.987 8.972 8.897 8.939 8.181 7.098 5.619 4.076 2.814 1.723 0.710 -0.044 -0.282 -0.404 -0.330 -0.338 -0.452 -0.665 -0.850 -1.058 -1.476 -1.502 -1.321 -0.980 -0.765 -0.670 -0.579 -0.212 0.299 0.812 1.451 1.887 2.544 3.225 3.325 3.333 3.154 2.763 2.361 1.950 1.594 1.346 1.138
10.727 10.497 10.162 9.762 9.594 9.404 9.116 8.925 8.790 8.539 8.440 8.541 8.681 8.854 9.043 9.290 9.594 9.798 9.963 10.188 10.225 10.012 9.698 9.335 8.998 8.550 8.015 7.913 7.949 7.995 8.046 8.101 8.296 8.444 7.715 6.548 5.329 3.911 2.630 1.780 1.127 0.326 0.109 0.089 0.163 0.041 -0.264 -0.443 -0.609 -0.995 -1.359 -1.449 -1.316 -1.164 -0.981 -1.054 -1.027 -0.722 -0.190 0.533 1.181 1.747 2.413 3.043 3.107 3.128 2.982 2.678 2.245 1.853 1.522 1.289 1.110
9.550 9.335 8.966 8.530 8.348 8.170 7.880 7.711 7.583 7.461 7.340 7.420 7.574 7.747 7.951 8.235 8.556 8.765 9.034 9.259 9.317 9.118 8.838 8.498 8.135 7.618 7.098 6.968 7.009 7.047 7.109 7.420 7.771 7.962 7.203 6.092 4.934 3.854 2.932 2.039 1.441 0.855 0.597 0.527 0.566 0.240 0.008 -0.188 -0.546 -0.893 -1.169 -1.279 -1.336 -1.289 -1.144 -1.342 -1.477 -1.198 -0.507 0.217 0.875 1.468 2.214 2.838 2.913 2.952 2.836 2.536 2.161 1.753 1.457 1.263 1.075
8.352 8.166 7.780 7.166 6.943 6.730 6.488 6.344 6.227 6.123 5.948 6.004 6.149 6.307 6.554 6.855 7.196 7.518 7.758 7.996 8.070 7.893 7.645 7.363 6.943 6.398 5.869 5.739 5.776 5.841 6.033 6.449 6.823 7.114 6.479 5.482 4.487 3.716 3.056 2.251 1.505 1.143 0.966 0.764 0.639 0.467 0.259 -0.090 -0.443 -0.792 -1.031 -1.130 -1.173 -1.238 -1.342 -1.644 -1.814 -1.509 -0.901 -0.176 0.555 1.183 1.913 2.630 2.710 2.761 2.663 2.378 2.036 1.660 1.359 1.190 1.007
7.101 6.909 6.390 5.614 5.284 5.021 4.800 4.678 4.569 4.422 4.186 4.145 4.191 4.341 4.629 4.932 5.291 5.645 5.898 6.183 6.267 6.092 5.898 5.692 5.307 4.754 4.202 4.055 4.105 4.077 4.240 4.713 5.275 5.627 5.362 4.777 3.915 3.291 2.776 1.976 1.414 0.962 0.863 0.780 0.640 0.546 0.339 -0.017 -0.400 -0.728 -0.948 -0.991 -1.087 -1.230 -1.427 -1.794 -2.032 -1.722 -1.135 -0.445 0.157 0.953 1.703 2.402 2.471 2.519 2.386 2.172 1.850 1.436 1.136 1.024 0.851
5.953 5.553 4.816 4.055 3.793 3.447 3.169 3.052 2.935 2.743 2.509 2.383 2.301 2.412 2.737 3.065 3.425 3.792 4.119 4.408 4.516 4.405 4.292 4.076 3.659 3.132 2.573 2.411 2.336 2.302 2.518 3.123 3.758 4.227 4.099 3.886 3.362 2.896 2.346 1.780 1.327 0.940 0.773 0.761 0.693 0.631 0.406 0.049 -0.340 -0.673 -0.809 -0.905 -1.063 -1.207 -1.642 -2.012 -2.247 -1.799 -1.233 -0.659 -0.084 0.537 1.573 2.250 2.268 2.247 2.147 1.949 1.613 1.211 0.946 0.856 0.724
5.357 4.622 3.867 3.092 2.801 2.411 2.032 1.745 1.600 1.334 1.047 0.811 0.717 0.736 1.122 1.457 1.877 2.252 2.626 3.054 3.231 3.245 3.098 2.864 2.383 1.863 1.273 0.904 0.784 0.723 1.106 1.769 2.520 3.072 3.051 2.949 2.900 2.426 1.900 1.562 1.225 0.942 0.842 0.738 0.788 0.763 0.486 0.151 -0.233 -0.507 -0.718 -0.877 -1.035 -1.290 -1.834 -2.249 -2.421 -1.944 -1.378 -0.824 -0.259 0.336 1.348 2.187 2.221 2.095 1.950 1.695 1.389 1.008 0.767 0.716 0.594
4.809 4.451 3.664 2.860 2.584 2.139 1.666 1.328 1.026 0.659 0.089 -0.186 -0.265 -0.245 0.001 0.268 0.687 0.998 1.580 2.008 2.297 2.326 2.140 1.544 1.063 0.555 -0.240 -0.515 -0.699 -0.744 -0.384 0.179 0.930 1.569 1.691 1.712 1.929 1.792 1.436 1.098 0.863 1.014 0.997 0.703 0.682 0.728 0.475 0.201 -0.069 -0.320 -0.532 -0.690 -0.938 -1.196 -1.784 -2.374 -2.485 -2.017 -1.454 -0.899 -0.342 0.223 1.116 2.013 2.209 2.055 1.887 1.558 1.241 0.897 0.694 0.654 0.542
4.536 4.383 4.127 3.280 2.966 2.470 1.923 1.596 1.227 0.603 -0.261 -0.478 -0.465 -0.428 -0.356 -0.397 -0.100 -0.056 1.034 1.467 1.740 1.789 1.337 0.742 0.258 -0.153 -1.597 -1.766 -1.839 -1.794 -1.563 -1.179 -0.628 -0.079 -0.005 0.354 0.714 0.690 0.496 0.190 0.009 1.051 0.855 0.600 0.621 0.652 0.496 0.262 0.094 -0.134 -0.345 -0.500 -0.759 -1.157 -2.207 -2.654 -2.553 -2.086 -1.527 -0.974 -0.417 0.144 0.703 1.790 2.186 2.158 1.936 1.547 1.167 0.789 0.645 0.626 0.490
4.405 4.299 4.282 3.962 3.517 3.001 2.425 1.986 1.256 0.416 -0.094 -0.343 -0.349 -0.339 -0.337 -0.371 -0.385 -0.342 0.195 0.803 1.590 1.370 0.939 0.357 -0.487 -1.109 -1.913 -2.344 -2.296 -2.249 -2.070 -1.687 -1.302 -0.881 -0.532 -0.096 0.364 0.339 0.144 -0.051 0.147 0.322 0.785 0.593 0.646 0.673 0.467 0.365 0.197 0.029 -0.155 -0.284 -0.543 -1.175 -2.436 -2.722 -2.622 -2.154 -1.595 -1.047 -0.496 0.047 0.589 1.256 2.065 2.148 2.016 1.644 1.220 0.794 0.598 0.558 0.453
4.253 4.319 4.300 4.197 3.973 3.456 2.804 2.307 1.553 0.084 -0.017 -0.029 -0.031 -0.069 -0.049 -0.048 -0.091 -0.150 -0.139 0.793 1.651 1.467 1.069 0.810 -0.215 -1.967 -2.136 -2.173 -2.126 -2.091 -2.106 -1.822 -1.437 -1.050 -0.596 -0.138 0.272 0.424 0.229 0.035 -0.246 -0.682 0.518 1.114 1.170 1.199 1.033 0.842 0.674 0.472 0.327 0.291 -0.063 -0.822 -2.114 -2.411 -2.311 -2.204 -1.645 -1.097 -0.554 -0.011 0.531 0.937 1.372 2.300 2.148 2.005 1.604 1.168 0.895 0.834 0.729
2.792 4.300 4.300 4.192 4.080 3.822 3.191 2.693 1.946 0.565 0.454 0.451 0.410 0.360 0.386 0.355 0.269 0.210 0.162 1.082 1.938 1.690 1.638 1.488 0.409 -1.575 -1.729 -1.720 -1.684 -1.756 -1.771 -1.700 -1.408 -1.012 -0.584 -0.193 0.156 0.316 0.403 0.209 -0.105 -0.538 1.189 1.931 1.980 1.892 1.646 1.457 1.268 0.861 0.716 0.868 -0.088 -1.366 -1.973 -1.871 -1.770 -1.693 -1.610 -1.062 -0.519 0.023 0.482 0.871 1.388 2.518 2.408 2.293 2.122 1.672 1.385 1.305 0.887
1.858 3.791 3.780 3.682 3.569 3.451 3.091 2.742 2.107 1.039 0.953 0.912 0.858 0.808 0.803 0.727 0.641 0.582 0.533 1.398 1.809 1.873 1.924 1.812 1.164 -0.918 -1.267 -1.264 -1.326 -1.398 -1.413 -1.334 -1.255 -0.949 -0.610 -0.296 0.053 0.213 0.307 0.395 0.081 0.100 1.964 2.758 2.673 2.447 2.214 2.026 1.657 1.251 1.105 0.974 0.311 -1.530 -1.426 -1.322 -1.219 -1.142 -1.087 -1.017 -0.474 -0.015 0.427 0.816 1.333 2.355 2.693 2.578 2.401 2.167 1.861 1.465 1.006
1.866 2.273 2.278 2.205 2.126 2.090 2.000 1.975 1.526 1.419 1.306 1.251 1.198 1.143 1.068 0.992 0.906 0.847 0.802 1.125 1.075 1.095 1.059 0.971 0.473 -0.409 -0.793 -0.834 -0.896 -0.968 -0.989 -0.898 -0.807 -0.777 -0.627 -0.342 -0.016 0.144 0.238 0.332 0.393 0.520 2.474 3.290 3.221 2.989 2.730 2.438 2.105 1.699 1.361 1.099 0.369 -1.114 -1.010 -0.906 -0.762 -0.649 -0.594 -0.551 -0.331 0.111 0.553 0.755 1.123 1.268 2.789 2.703 2.503 2.279 2.217 1.767 1.303
1.956 1.963 1.916 1.843 1.806 1.770 1.748 1.726 1.677 1.571 1.457 1.377 1.322 1.267 1.157 1.062 0.976 0.920 0.891 0.848 0.792 0.705 0.637 0.549 0.089 -0.299 -0.309 -0.351 -0.413 -0.496 -0.513 -0.411 -0.382 -0.432 -0.494 -0.322 -0.031 0.095 0.189 0.242 0.293 0.354 1.368 3.232 3.523 3.416 3.144 2.936 2.603 2.487 1.969 1.142 -0.423 -0.925 -0.821 -0.676 -0.337 -0.242 -0.216 -0.172 0.047 0.489 0.688 0.661 0.675 0.820 1.969 2.572 2.363 2.377 2.389 2.348 1.879
2.047 2.053 2.037 1.964 1.929 1.907 1.885 1.862 1.818 1.722 1.609 1.528 1.448 1.391 1.281 1.151 1.049 0.995 0.960 0.920 0.864 0.777 0.653 0.587 0.195 0.185 0.174 0.133 0.060 -0.026 -0.021 0.011 -0.038 -0.088 -0.150 -0.211 -0.052 0.047 0.100 0.143 0.194 0.254 0.316 1.893 3.423 3.644 3.493 3.307 3.390 3.311 2.596 0.651 -0.955 -0.736 -0.590 -0.252 0.087 0.183 0.192 0.207 0.426 0.622 0.593 0.567 0.581 0.630 0.686 1.580 2.449 2.491 2.511 2.501 2.453
2.128 2.147 2.130 2.091 2.070 2.048 2.026 2.004 1.959 1.868 1.762 1.681 1.601 1.519 1.409 1.280 1.155 1.076 1.036 0.996 0.939 0.853 0.757 0.660 0.648 0.638 0.627 0.575 0.509 0.437 0.382 0.334 0.285 0.235 0.173 0.112 0.050 0.013 0.024 0.049 0.096 0.156 0.217 0.278 2.240 3.343 3.510 3.527 3.643 1.878 1.467 1.136 -0.266 -0.544 -0.205 0.133 0.472 0.568 0.577 0.575 0.559 0.530 0.501 0.477 0.491 0.539 0.595 1.402 1.452 1.499 1.502 1.490 1.479
2.232 2.265 2.256 2.257 2.253 2.232 2.210 2.188 2.144 2.058 1.950 1.847 1.766 1.685 1.575 1.456 1.316 1.209 1.149 1.110 1.053 0.976 0.884 0.807 0.743 0.731 0.720 0.676 0.611 0.544 0.468 0.399 0.350 0.303 0.241 0.179 0.098 0.037 0.009 0.026 0.042 0.081 0.141 0.202 0.421 2.523 2.644 2.638 2.467 0.436 0.300 -0.032 -0.308 -0.298 -0.278 0.060 0.399 0.495 0.504 0.495 0.479 0.461 0.432 0.409 0.449 0.498 0.554 0.609 0.661 0.711 0.716 0.720 0.714
