in/Manuel_example/GIS_files/basement_A01_001.asc
ncols    605
nrows    205
xllcorner    488220
yllcorner    4065460
cellsize    15
NODATA_value    -9999
[rows 64 to 95 of 205, columns 73 to 145 of 605]
9.573 -1.529 -10.693 -15.473 -15.734 -10.508 -1.651 7.503 17.917 24.160 27.715 29.402 30.979 28.892 27.346 26.730 29.596 30.342 29.305 29.757 31.308 31.584 31.951 32.478 34.913 36.540 37.575 37.153 36.234 35.596 34.819 34.339 33.879 34.151 33.894 34.192 34.756 35.171 35.679 35.989 36.898 37.864 38.425 37.289 35.988 34.612 34.417 33.310 31.043 30.273 28.477 25.118 23.078 21.918 22.887 24.497 27.764 30.400 31.649 32.139 31.475 32.756 33.074 35.207 37.585 40.557 41.702 43.015 43.414 44.567 43.969 43.625 41.109
13.588 0.530 -8.637 -13.130 -12.883 -8.309 0.328 12.064 23.581 28.537 31.005 32.821 33.780 31.230 29.684 30.172 32.514 31.967 30.914 30.093 30.337 29.729 31.568 33.821 37.170 39.845 40.607 40.580 40.118 39.341 38.064 36.994 35.751 35.411 35.007 34.766 34.779 35.008 36.113 37.010 37.729 38.872 39.763 38.650 37.108 36.260 35.600 34.608 32.439 32.273 29.685 26.243 23.224 20.641 21.148 23.011 27.965 31.176 32.847 32.800 31.501 34.057 36.465 36.592 38.328 40.548 42.190 42.549 42.656 44.374 43.307 41.148 37.934
22.904 10.188 0.007 -8.280 -12.653 -11.187 -4.421 5.990 22.614 28.781 32.774 34.833 36.992 34.574 34.008 34.109 33.967 31.399 30.027 27.891 28.112 29.609 32.324 35.711 38.817 40.380 40.049 40.198 40.096 39.668 37.740 36.086 33.719 32.655 32.004 31.324 32.546 34.958 37.112 38.281 39.160 39.341 39.901 38.741 37.284 36.682 35.852 34.256 33.274 32.421 31.995 28.979 25.865 21.711 17.536 18.602 27.541 30.430 31.685 30.674 27.526 31.707 36.377 36.918 39.106 41.707 43.397 44.883 45.236 44.533 42.265 39.527 36.435
29.794 17.488 7.708 -1.788 -9.659 -12.489 -7.720 3.634 20.457 27.545 33.975 37.194 39.393 38.217 36.895 34.943 34.150 31.381 28.028 26.440 27.841 30.223 33.583 36.971 38.750 39.444 39.906 39.925 40.286 39.918 38.134 35.109 32.178 30.420 28.789 28.856 31.792 34.784 37.896 39.718 40.632 40.187 40.279 39.065 37.818 36.984 36.153 34.842 33.529 32.542 31.859 31.032 27.609 21.442 17.226 16.618 26.005 28.850 29.202 27.090 24.808 29.299 33.531 36.664 39.119 41.444 43.358 46.030 48.130 46.307 43.309 40.533 37.582
33.326 24.385 15.472 5.855 -4.605 -9.726 -6.873 2.810 18.283 27.840 34.975 39.900 42.891 41.589 39.955 37.296 33.553 30.008 26.889 26.006 27.486 30.300 33.581 36.051 36.185 36.873 38.386 39.122 40.259 39.909 37.879 34.710 31.599 30.146 27.928 27.668 32.649 36.310 39.344 40.928 41.498 40.490 40.789 39.073 38.182 36.541 34.667 32.895 32.594 31.962 32.002 31.514 28.912 23.387 19.144 18.348 23.620 26.573 26.904 25.011 21.646 24.883 29.365 32.268 35.294 39.636 43.515 47.746 51.186 50.212 47.592 44.624 41.713
34.111 27.425 19.860 9.697 -1.198 -5.781 -2.794 6.156 20.336 29.557 37.191 42.131 45.142 42.858 41.173 36.542 32.214 29.625 27.244 26.880 27.721 29.657 33.042 33.259 33.187 34.466 36.224 38.782 39.923 38.972 35.626 32.796 30.140 29.465 27.726 29.032 34.844 38.265 40.740 42.235 42.686 42.441 42.757 40.234 38.614 36.511 33.840 32.087 31.985 31.371 31.921 32.112 30.628 26.343 22.003 21.384 21.473 24.006 25.052 23.146 20.188 22.097 25.563 28.269 32.607 37.698 44.067 48.388 50.447 50.772 51.056 48.539 46.322
35.027 30.712 22.916 12.751 1.598 -2.038 1.904 10.530 23.393 32.022 38.825 43.892 46.849 44.132 39.704 34.967 30.843 29.452 28.114 27.769 28.078 29.275 30.226 30.511 30.543 32.670 35.229 37.437 39.263 36.936 33.918 30.851 28.466 28.076 27.927 29.782 36.672 39.260 41.671 43.228 43.928 43.998 43.797 41.437 39.846 35.991 33.346 32.202 32.070 31.492 32.567 33.494 32.461 29.112 25.803 22.259 19.670 23.416 23.442 22.067 19.532 18.881 22.174 26.018 31.079 37.244 43.111 46.829 48.300 49.663 50.859 51.790 50.486
37.234 33.124 24.660 13.998 3.895 1.264 4.477 13.511 27.558 34.634 41.362 46.099 47.816 44.055 38.155 32.767 30.804 29.932 28.041 27.632 27.140 28.406 28.025 28.095 29.147 32.212 34.679 36.237 36.621 36.085 33.162 30.277 28.418 29.006 30.925 33.441 36.671 39.010 41.249 43.017 44.007 45.000 45.608 43.959 41.037 38.678 36.688 37.306 38.112 36.195 36.419 37.141 36.460 34.296 32.054 28.637 23.232 24.500 25.455 23.906 21.484 19.707 22.922 27.499 32.886 39.589 43.326 46.777 45.920 46.539 47.939 49.617 49.681
40.150 36.243 28.280 18.223 8.503 6.521 9.020 16.704 30.817 39.077 44.892 48.084 48.803 44.547 39.057 33.552 31.837 31.214 29.514 28.284 27.719 28.308 27.063 26.978 27.990 31.112 33.016 34.572 35.791 35.256 35.199 32.399 31.558 32.814 34.306 35.277 38.464 41.333 43.470 44.903 46.322 47.842 48.928 46.690 44.086 42.832 42.546 43.891 43.007 41.281 41.386 41.511 41.371 40.300 37.753 33.662 28.392 29.043 29.061 27.168 24.868 23.592 27.209 31.093 37.022 43.872 47.309 46.809 45.867 46.391 46.613 48.224 49.048
41.603 39.524 31.876 21.933 13.772 11.774 14.210 21.156 32.899 42.631 48.204 50.550 49.333 44.637 39.746 35.025 33.466 32.630 30.914 29.523 28.330 27.437 26.087 25.957 27.209 30.109 31.536 34.000 34.631 33.670 34.451 35.862 36.048 36.938 37.536 38.542 41.019 44.081 46.509 47.944 49.858 51.110 51.962 49.846 48.000 47.185 47.624 46.810 46.566 47.057 47.076 46.429 46.727 45.855 43.295 38.892 34.135 34.536 32.255 29.529 27.865 29.140 32.686 36.736 42.809 48.228 50.160 48.747 45.790 46.012 45.508 45.542 47.136
43.287 41.436 34.698 27.070 19.582 17.900 20.727 26.993 36.672 45.369 50.264 52.441 50.519 46.487 41.623 38.143 36.979 35.101 33.357 30.651 28.815 27.392 25.465 25.747 27.586 28.982 32.342 34.915 36.379 36.894 38.656 39.501 40.325 39.415 39.117 40.121 43.489 45.951 48.115 50.661 53.258 55.825 56.916 54.885 53.571 52.851 51.538 50.703 49.102 48.641 48.791 50.272 50.313 49.307 46.683 43.017 38.982 37.834 36.372 33.034 33.272 34.970 37.298 41.533 47.111 51.763 52.392 50.975 48.503 47.390 46.754 47.157 47.399
44.707 42.675 38.537 31.894 25.205 23.989 27.540 34.080 41.349 50.827 55.560 56.129 53.611 49.982 46.234 42.102 40.269 37.699 34.746 32.041 29.892 27.689 25.532 24.899 27.534 28.419 31.655 34.687 37.779 40.640 42.404 42.654 41.946 39.848 39.554 41.666 45.380 46.872 48.850 50.810 53.235 56.478 57.759 57.179 57.007 56.451 55.894 54.655 52.430 51.290 52.917 54.142 55.216 54.118 51.153 46.986 44.842 42.753 40.193 38.066 37.975 40.340 43.058 45.360 49.432 54.295 54.918 53.921 53.485 52.115 51.495 51.906 52.604
44.895 43.623 42.152 37.565 31.416 30.412 33.859 40.671 45.634 54.861 58.946 58.533 56.600 53.389 49.161 44.983 42.615 39.216 35.738 32.951 31.124 28.683 27.274 27.562 28.070 28.727 32.446 36.519 40.843 42.297 43.343 42.731 40.993 39.792 40.976 43.489 45.995 46.640 47.794 49.320 51.541 56.656 59.117 58.513 58.970 57.427 56.488 56.337 55.526 55.986 57.537 58.038 58.606 58.133 56.181 52.949 51.463 48.167 44.655 41.376 40.063 43.442 47.100 49.628 53.416 56.591 57.370 57.555 60.145 59.137 58.794 59.243 58.711
47.338 46.888 45.741 42.587 36.314 36.228 38.997 44.894 50.272 59.043 60.638 60.564 58.712 55.000 51.045 46.870 44.326 40.651 37.162 34.042 32.326 29.913 28.694 28.984 28.270 27.754 31.396 36.241 41.288 43.741 43.847 42.613 40.804 40.566 41.864 44.377 45.165 45.673 48.223 49.747 52.035 57.082 59.131 60.669 60.382 59.963 58.399 58.246 58.211 59.021 60.204 60.937 61.739 61.097 59.388 57.194 55.502 51.066 46.853 42.876 41.490 46.398 48.954 54.959 58.756 61.737 62.449 64.445 65.780 65.590 66.465 66.750 65.469
47.640 48.660 47.369 43.417 36.665 36.088 38.858 44.090 49.869 55.200 57.124 57.170 56.638 53.187 49.207 46.319 44.358 40.610 37.108 34.475 33.322 31.065 29.538 28.520 27.038 25.938 29.313 34.191 38.410 41.768 42.042 40.103 38.002 37.392 38.352 39.095 39.382 42.203 44.887 46.801 49.035 52.585 56.311 58.575 58.272 57.670 55.988 54.720 54.380 55.020 56.316 57.483 58.991 59.477 58.018 55.998 54.021 48.636 43.446 39.405 37.890 44.616 50.960 56.880 60.721 63.813 65.203 65.596 65.357 66.266 67.267 67.930 67.945
42.764 44.641 45.562 41.782 35.398 34.514 37.187 41.419 50.021 52.658 53.606 54.533 53.876 50.500 47.960 46.688 45.014 40.859 36.743 33.916 33.094 32.269 30.767 30.303 28.948 27.813 31.417 35.642 38.039 39.935 40.493 35.755 33.343 32.390 32.045 32.193 32.025 34.105 36.215 38.449 40.818 44.856 49.208 51.977 53.627 54.402 52.825 52.505 53.050 53.646 54.112 54.852 55.569 55.897 55.096 52.996 50.338 45.871 41.959 37.920 38.409 45.374 52.505 57.428 60.362 63.693 65.114 65.849 65.609 67.311 68.286 70.177 70.495
36.893 39.964 41.616 39.411 34.090 32.935 34.367 40.241 49.698 51.589 53.424 53.956 52.928 50.544 48.822 47.546 45.146 39.982 35.764 32.941 32.633 32.446 32.405 31.414 30.524 29.543 32.487 34.420 36.793 38.104 34.251 30.174 28.352 26.164 25.352 24.936 24.315 25.583 27.101 29.335 32.385 37.091 41.536 45.314 47.586 49.015 50.093 50.821 51.238 51.782 52.450 52.767 52.630 52.269 52.515 51.558 48.009 44.860 40.324 38.545 39.642 46.324 52.166 57.191 59.674 62.026 64.318 65.055 65.800 68.010 69.967 72.565 73.560
28.254 31.444 34.360 33.578 31.681 30.921 32.259 37.288 47.314 52.564 55.673 57.101 55.836 52.896 50.184 48.389 42.553 36.490 32.701 30.779 31.685 32.035 32.963 32.686 31.087 29.297 29.749 31.096 32.449 25.996 23.025 20.571 21.064 18.899 17.505 16.483 15.871 16.613 18.051 20.324 23.594 28.468 32.100 35.556 38.133 40.814 43.685 44.954 45.986 46.496 47.702 48.385 49.838 50.283 49.951 49.496 47.624 42.005 37.377 36.284 38.542 43.626 46.982 50.811 53.295 56.289 59.810 61.266 63.758 66.631 70.207 74.505 76.991
20.448 22.930 25.890 28.711 27.637 27.544 29.102 33.815 41.594 49.274 53.308 54.632 53.593 50.669 47.858 44.947 39.071 33.671 31.713 31.843 32.884 32.724 33.600 31.109 29.260 25.476 24.924 23.294 22.645 15.814 10.584 12.087 14.135 12.786 10.988 10.156 9.650 10.063 11.333 12.603 15.733 20.280 22.783 25.864 28.595 31.720 34.592 37.284 38.399 38.794 39.798 42.468 44.284 45.960 46.953 46.348 44.041 36.767 32.775 30.867 33.655 38.406 40.703 41.963 44.566 48.291 51.814 56.226 58.647 62.541 69.771 74.023 76.419
13.527 15.383 18.119 20.974 22.949 23.398 24.729 27.999 34.073 43.015 47.934 49.691 48.932 46.400 44.440 41.537 35.621 34.277 33.571 34.023 35.626 34.771 33.069 30.024 25.581 20.125 16.192 12.663 9.204 5.049 3.840 4.681 8.011 7.805 6.883 6.022 5.147 5.110 5.664 6.768 8.663 11.784 13.994 16.228 18.908 21.974 25.027 27.733 29.770 29.661 31.131 33.875 37.396 40.509 42.886 43.146 40.144 31.937 27.801 26.340 27.739 30.667 31.597 32.587 35.111 39.242 43.438 47.771 52.124 60.196 67.977 73.354 75.543
9.260 9.784 11.082 13.499 16.016 19.307 20.775 24.789 25.081 34.146 38.905 41.540 42.175 40.649 39.157 36.324 36.972 35.730 35.135 35.954 38.086 37.124 34.171 30.942 23.074 16.941 11.315 7.566 4.634 1.645 2.778 3.790 4.585 4.378 3.697 3.709 3.197 3.258 3.477 4.554 5.072 6.248 8.396 9.739 12.057 14.747 17.428 19.646 21.438 21.679 23.536 26.300 28.893 31.638 34.145 35.005 32.523 26.554 23.441 21.647 20.091 21.861 22.801 23.801 26.347 29.274 32.591 36.927 42.365 54.125 60.105 66.425 69.371
6.005 6.247 6.796 8.245 10.633 14.046 17.385 18.782 17.881 26.586 29.982 33.404 35.463 34.673 33.200 32.539 35.299 34.037 33.994 35.497 38.307 37.222 34.422 28.508 19.721 12.170 6.778 3.426 0.646 0.130 1.714 2.405 2.029 1.863 1.780 1.830 1.924 2.103 2.320 2.542 2.796 3.254 3.890 5.279 6.599 8.471 10.281 12.174 13.927 14.336 16.330 18.131 20.469 22.871 24.676 25.534 24.374 21.278 18.180 14.893 12.878 13.343 14.232 15.020 17.500 19.652 22.301 26.075 31.084 44.763 51.472 56.956 61.314
4.883 5.103 5.522 6.743 8.276 10.485 13.330 14.536 15.150 19.289 23.068 27.745 30.090 30.385 29.353 28.745 29.822 27.812 28.946 31.461 35.972 35.311 31.710 25.027 16.728 9.857 5.040 2.152 0.270 0.635 1.855 1.557 1.601 1.577 1.546 1.601 1.619 1.725 1.929 2.117 2.376 2.666 2.849 3.789 4.064 4.494 5.449 6.678 7.947 8.420 9.513 10.350 12.046 13.788 14.875 15.393 14.593 13.681 11.911 9.585 8.851 9.129 9.251 8.927 9.884 11.005 12.990 16.226 19.744 30.029 37.382 43.833 49.694
3.912 4.039 4.464 4.823 6.089 8.082 10.131 12.189 13.077 14.184 16.392 21.147 23.646 24.539 26.216 25.758 23.846 21.860 23.134 25.707 29.145 28.214 24.632 17.952 12.668 8.252 5.135 2.664 1.434 1.387 1.353 1.335 1.379 1.416 1.445 1.518 1.546 1.647 1.820 1.923 2.150 2.372 2.596 2.761 3.018 3.409 3.622 4.342 4.981 5.358 5.555 6.386 6.927 7.740 8.820 8.845 8.118 7.480 6.647 6.496 5.801 6.015 5.975 5.698 5.934 6.823 8.313 9.321 11.884 18.762 25.828 32.712 38.902
3.042 3.095 3.205 3.508 3.965 5.287 7.298 9.438 11.212 11.176 11.768 13.330 15.985 19.069 21.006 20.644 16.825 15.007 15.073 16.440 18.460 17.158 13.461 9.333 6.344 3.960 2.524 1.901 1.794 1.580 1.489 1.457 1.389 1.456 1.536 1.593 1.609 1.697 1.779 1.874 2.007 2.217 2.390 2.542 2.699 2.813 2.976 3.214 3.512 3.603 3.734 3.830 3.770 3.716 3.682 3.653 3.574 3.542 3.474 3.410 3.352 3.401 3.584 3.847 4.219 4.625 5.298 6.209 7.619 11.053 16.687 22.753 28.489
2.863 2.818 2.760 2.897 3.087 3.813 5.120 5.958 7.029 8.600 9.032 10.564 11.015 11.532 13.377 13.214 10.707 9.454 8.449 8.891 9.900 8.921 6.205 6.047 4.446 3.126 2.442 2.111 1.919 1.736 1.711 1.603 1.566 1.651 1.728 1.779 1.811 1.819 1.850 1.939 1.992 2.123 2.221 2.356 2.493 2.631 2.798 3.015 3.236 3.384 3.460 3.533 3.510 3.451 3.374 3.355 3.304 3.302 3.286 3.291 3.234 3.231 3.369 3.565 3.638 3.937 4.261 5.163 5.738 7.380 9.550 15.517 18.806
2.733 2.634 2.571 2.562 2.512 2.609 2.942 3.511 4.215 5.610 6.737 7.080 7.056 7.044 7.339 7.466 6.279 5.118 4.765 4.498 4.468 3.802 3.640 3.484 3.366 3.115 2.765 2.404 2.087 1.913 1.788 1.733 1.722 1.792 1.862 1.905 1.939 1.934 1.893 1.930 1.952 2.011 2.108 2.242 2.337 2.487 2.625 2.817 3.031 3.200 3.294 3.310 3.302 3.281 3.297 3.256 3.225 3.247 3.268 3.273 3.217 3.157 3.163 3.214 3.218 3.414 3.696 4.046 4.522 5.357 6.401 7.939 10.666
2.709 2.597 2.521 2.472 2.387 2.407 2.680 3.111 3.392 3.757 4.399 4.505 4.697 4.680 4.740 4.771 4.636 4.403 4.273 4.229 4.236 4.053 3.888 3.702 3.514 3.301 2.951 2.606 2.279 2.027 1.899 1.842 1.800 1.834 1.884 1.922 1.934 1.910 1.894 1.883 1.911 1.945 2.053 2.204 2.233 2.347 2.425 2.594 2.837 2.993 3.035 3.010 3.026 3.137 3.233 3.255 3.285 3.269 3.266 3.261 3.184 3.095 3.013 3.013 3.020 3.037 3.302 3.609 4.003 4.402 4.728 5.352 6.472
2.585 2.485 2.416 2.329 2.237 2.231 2.362 2.626 2.916 3.240 3.344 3.607 3.898 3.916 3.951 4.127 4.254 4.229 4.185 4.111 4.103 4.060 3.924 3.703 3.545 3.344 3.054 2.696 2.411 2.190 2.013 1.906 1.852 1.846 1.889 1.908 1.896 1.865 1.796 1.779 1.816 1.829 1.907 2.055 2.066 2.115 2.180 2.278 2.505 2.666 2.686 2.678 2.717 2.871 2.984 3.064 3.114 3.141 3.151 3.152 3.100 3.011 2.930 2.919 2.893 2.853 3.118 3.354 3.640 3.835 4.159 4.534 4.734
2.409 2.353 2.271 2.182 2.088 1.989 2.115 2.337 2.597 2.801 3.064 3.376 3.672 3.849 4.034 4.197 4.305 4.237 4.203 4.133 3.983 3.974 3.848 3.683 3.536 3.430 3.143 2.823 2.549 2.354 2.180 2.004 1.900 1.872 1.866 1.871 1.840 1.743 1.652 1.631 1.660 1.701 1.765 1.834 1.855 1.876 1.935 2.024 2.145 2.324 2.358 2.369 2.419 2.567 2.698 2.795 2.876 2.950 3.023 3.025 2.994 2.924 2.848 2.823 2.822 2.806 2.954 3.193 3.480 3.544 3.989 4.424 4.659
2.108 2.075 2.047 1.972 1.858 1.696 1.797 2.011 2.195 2.399 2.719 2.970 3.232 3.421 3.563 3.684 3.747 3.700 3.704 3.642 3.584 3.597 3.529 3.470 3.378 3.290 3.040 2.804 2.538 2.356 2.196 2.042 1.843 1.825 1.839 1.848 1.729 1.596 1.501 1.405 1.400 1.421 1.464 1.501 1.575 1.597 1.667 1.758 1.865 1.942 2.024 2.041 2.084 2.184 2.268 2.386 2.505 2.633 2.783 2.820 2.804 2.764 2.687 2.629 2.555 2.502 2.699 2.944 3.174 3.303 3.613 4.109 4.411
1.719 1.730 1.722 1.700 1.573 1.403 1.445 1.612 1.771 1.952 2.157 2.394 2.575 2.673 2.814 2.893 2.974 3.002 3.006 3.033 2.988 3.013 3.118 3.089 3.081 3.025 2.835 2.613 2.370 2.195 2.078 1.912 1.692 1.635 1.640 1.618 1.521 1.406 1.283 1.149 1.055 1.059 1.076 1.157 1.225 1.258 1.330 1.410 1.494 1.538 1.580 1.603 1.622 1.682 1.760 1.894 2.016 2.165 2.367 2.459 2.472 2.447 2.390 2.268 2.186 2.118 2.257 2.501 2.673 2.818 3.137 3.530 3.890
